Time	CycleTime	Idle	Open	Setup	Work	Lateness	OEE	New
240	0	82.54	0	0	0	0	0	0
479	0	81.61666667	9	0	0	0	0	9
720	0	95.441	9	20	13.34	0	16.68	0
960	0	141.3147826	19	18.6	14.19	0	17.73	10
1200	0	120.1281818	19	20	20.1	0	25.13	0
1440	0	129.493	24	20	20.83	0	26.04	5
1680	0	125.899	24	20	20.17	0	25.21	0
1920	0	126.645	30	20	21.58	0	26.98	6
2160	0	124.7847619	30	19.58	24.21	0	30.26	0
2400	0	120.3036364	34	19.9	24.65	0	30.81	4
2640	1006.5	130.41	32	19.98	22.12	-1211	27.68	0
2880	1053.666667	157.3818182	40	19.77	22.98	-1060.333333	28.72	12
3120	1053.666667	139.3266667	40	20	25.27	-1060.333333	31.59	0
3360	1171.125	137.9578261	50	19.48	23.56	-1172.25	29.66	12
3600	1186.6	138.66	48	19.23	30.4	-1216.7	37.99	0
3840	1186.6	153.3686364	58	19.83	28.42	-1216.7	35.52	10
4080	1211.769231	128.6947368	55	19.79	29.08	-1289.076923	36.43	0
4320	1211.769231	154.5315	67	20	27.75	-1289.076923	34.69	12
4560	1211.769231	143.5357895	67	18.88	31.6	-1289.076923	39.51	0
4800	1237.722222	177.9515	67	19.98	27.02	-1317.388889	33.78	5
5040	1235.666667	126.1630435	64	20	24.77	-1356.380952	31.12	0
5280	1232.695652	129.6240909	68	19.79	28.25	-1418.565217	35.31	6
5520	1207.928571	134.0595455	63	20	27.44	-1378.642857	34.3	0
5760	1193	131.8308696	70	20	20.79	-1324.266667	25.99	9
6000	1262.363636	123.3838095	67	19.96	25.94	-1398.121212	32.42	0
6240	1309.236842	136.2317391	74	19.81	24.4	-1429.578947	30.49	12
6480	1394.674419	115.81	69	19.94	26.9	-1464.418605	33.62	0
6720	1473.391304	119.8705	79	19.56	27.79	-1448.391304	34.74	13
6960	1589.351852	145.8156522	71	19.1	31.17	-1419.685185	38.96	0
7200	1636.241379	165.3091304	78	20	26.12	-1440.827586	32.66	11
7440	1670.709677	129.1031579	74	19.42	35.73	-1430.451613	44.66	0
7680	1728.176471	161.2004545	75	19.25	31.69	-1434.323529	39.61	7
7920	1736.223684	131.9021053	67	19.56	26.9	-1459.144737	33.62	0
8160	1769.303797	136.1731579	72	19.81	25.69	-1472.316456	32.11	8
8400	1765.702381	118.7490909	67	19.81	27	-1457.142857	33.75	0
8640	1769.125	167.5090909	75	19.94	25.85	-1448.181818	32.32	12
8880	1792.314607	141.534	74	19.65	30.85	-1471.516854	38.57	0
9120	1819.75	162.935	78	19.83	31.92	-1443.37	39.9	15
9360	1856.229358	133.2814286	69	20	28.1	-1419.908257	35.26	0
9600	1871.135135	154.2809091	77	20	30.46	-1424.441441	38.07	10
9840	1879.637931	160.4043478	72	19.31	33.33	-1401.163793	41.67	0
10080	1898.279661	137.5173913	75	20	28.75	-1424.186441	35.94	5
10320	1905.854839	146.7495455	69	18.92	33.6	-1409.798387	42.01	0
10560	1942.703704	148.5936364	73	19.38	27.5	-1391.466667	34.51	15
10800	1949.410072	134.0747826	69	19.48	32.65	-1380.719424	40.94	0
11040	1943.27972	145.41	77	19.04	35.4	-1370.503497	44.24	12
11280	1957.939189	155.9636364	72	17.77	44.56	-1353.060811	55.7	0
11520	1979.225806	143.8990476	72	19.42	38.19	-1368.580645	47.73	7
11760	1973.496815	150.9036364	70	18.75	36.77	-1363.299363	46.15	0
12000	1972.460123	164.8925	75	19.52	31.23	-1346.687117	39.09	11
12240	1974.335329	140.973913	71	19.44	31.79	-1336.275449	39.74	0
12480	1973.005848	174.2818182	80	19.85	32.94	-1331.064327	41.17	13
12720	2005.00565	153.7804348	74	18.33	35.92	-1357.514124	45.05	0
12960	2019.820225	152.505	81	19.52	28.17	-1364.460674	35.47	8
13199	2038.966851	130.85	78	18.41	37.2	-1370.430939	46.5	0
13440	2047.282723	164.047	76	17.97	35.98	-1369.623037	44.97	8
13680	2059.168367	144.8790909	71	19.06	33.38	-1371.693878	41.77	0
13920	2057.417085	146.9863636	76	20	29.67	-1368.633166	37.08	8
14160	2060.378641	135.1586364	69	19.33	32.31	-1371.912621	40.39	0
14400	2070.425837	154.4683333	82	19.71	27.6	-1367.425837	34.51	16
14640	2062.906542	145.8122727	77	19.17	36.4	-1357.135514	45.49	0
14880	2062.977169	175.3891304	87	19.9	32.83	-1352.287671	41.04	15
15120	2068.225664	164.3678261	80	19	38.4	-1358.469027	47.99	0
15360	2066.521739	161.3182609	84	19.94	33.19	-1351.278261	41.48	8
15600	2066.848485	154.092381	83	19.1	39.92	-1349.588745	49.9	0
15840	2085.864979	157.2331818	84	19.67	31.92	-1358.28692	39.9	7
16080	2076.625	152.2530435	81	19.38	31.1	-1351.695833	38.98	0
16320	2064.459677	137.5913043	85	19.98	30.48	-1349.306452	38.1	12
16560	2086.766798	137.0631818	80	19.67	35.02	-1352.355731	43.78	0
16800	2091.003846	170.9338095	87	18.1	34.88	-1347.657692	43.59	14
17040	2115.858736	168.8938095	78	17.94	40.96	-1363.267658	51.2	0
17280	2117.29562	159.4641667	87	19.17	33.1	-1362.116788	41.38	14
17520	2115.880866	163.2390909	84	18.94	41.77	-1360.552347	52.21	0
17760	2110.646429	156.2438095	90	18.33	43.02	-1360.35	53.78	9
18000	2105.055749	162.3538095	83	19.04	38.33	-1350.996516	47.92	0
18240	2100.461017	182.932	86	19.56	30.69	-1344.291525	38.36	11
18480	2102.501684	156.1880952	84	19.85	33.69	-1343.521886	42.11	0
18720	2095.577558	156.4413636	85	19.02	37.81	-1331.356436	47.34	7
18960	2115.110032	157.9419048	79	19.5	34.58	-1343.987055	43.23	0
19200	2110.844444	151.12	83	19.69	36.65	-1334.698413	45.89	10
19440	2115.590625	156.0447619	78	19.27	38.73	-1341.153125	48.41	0
19680	2115.529231	165.0280952	77	19.42	27.06	-1336.366154	33.88	4
19920	2134.832317	140.6095238	74	19.31	28.83	-1350.365854	36.04	0
20160	2137.408408	149.8847619	78	19.92	22.1	-1353.306306	27.63	9
20400	2151.95858	152.1082353	73	19.94	25.31	-1360.713018	31.64	0
20640	2156.27566	195.8435	79	20	24.21	-1362.387097	30.26	9
20880	2158.023256	159.36125	76	20	24.58	-1370.872093	30.73	0
21120	2177.974286	140.725	79	19.94	29.44	-1385.857143	36.88	9
21360	2179.26257	139.8254545	71	19.6	32.85	-1393.170391	41.07	0
21600	2188.561983	139.9633333	75	20	22.96	-1396.198347	28.7	9
21840	2194.964674	127.9833333	70	20	28.88	-1401.331522	36.09	0
22080	2185.032258	155.582	77	19.88	21.96	-1397.841398	27.45	11
22320	2188.240741	129.8231818	71	19.71	25.27	-1396.335979	31.59	0
22560	2189.558747	124.8709091	74	20	23.85	-1398.302872	30.03	8
22800	2191.106218	134.5977273	71	19.62	29.77	-1399.525907	37.21	0
23040	2194.709924	116.8517391	74	19.81	25.4	-1398.208651	31.8	10
23280	2208.516456	123.6968182	72	19.73	30.08	-1400.918987	37.6	0
23520	2201.557214	120.3547619	68	19.79	26.12	-1402.313433	32.66	3
23760	2197.704433	138.38	64	19.62	26.92	-1400.071429	33.88	0
24000	2204.959135	124.4014286	63	20	21.56	-1395.788462	26.95	9
24240	2203.8487	146.3909524	56	20	23.04	-1392.886525	28.8	0
24480	2199.485915	165.172	65	20	20.96	-1389.568075	26.22	12
24720	2211.979215	170.8880952	58	20	25.02	-1390.628176	31.28	0
24960	2215.029613	153.8579167	63	19.79	24.79	-1396.366743	30.99	11
25200	2212.8	148.4513636	62	19.4	35.25	-1395.520455	44.11	0
25440	2218.598639	155.0808696	69	19.38	30.35	-1401.090703	37.99	8
25680	2215.148315	131.3757895	65	19.54	28.67	-1402.898876	35.83	0
25920	2211.908889	155.6940909	67	19.65	24.98	-1403.184444	31.22	7
26160	2215.350109	129.6308696	60	19.75	29.35	-1407.708972	36.69	0
26400	2218.426407	148.3804545	67	19.48	31.04	-1413.41342	38.8	12
26640	2213.021505	125.7704545	64	19.94	30.92	-1410.406452	38.78	0
26880	2214.068376	174.5372727	71	19.79	27.85	-1410.141026	34.82	10
27120	2217.366316	139.4236364	64	19.62	28.5	-1418.701053	36.02	0
27360	2214.890985	149.8121739	72	19.94	27.96	-1416.230608	34.95	10
27600	2218.970833	143.6486364	69	19.81	33.06	-1419.414583	41.33	0
27840	2217.320911	163.0434783	72	19.75	31.79	-1419.126294	39.74	6
28080	2216.659091	132.4191304	71	19.33	33.38	-1419.42562	41.72	0
28320	2215.08589	142.1757143	71	19.58	26.08	-1423.781186	32.6	5
28559	2215.835366	158.68	68	18.83	33.03	-1424.018293	41.29	0
28800	2213.9375	126.1245455	75	19.9	23.11	-1429.804435	28.89	11
29040	2209.596	127.1322727	71	19.71	31.42	-1429.946	39.27	0
29280	2206.272189	139.4005	76	19.85	28.56	-1433.341223	35.7	12
29520	2210.990253	128.3291304	70	19.29	31.23	-1437.791423	39.04	0
29760	2217.077369	173.138	75	20	28.67	-1438.605416	35.83	9
30000	2215.859345	146.5786957	73	19.69	28.67	-1438.574181	35.91	0
30240	2211.975048	154.413913	84	20	25.56	-1438.184261	31.95	13
30480	2211.095057	157.7873913	79	19.31	37.56	-1438.709125	46.95	0
30720	2224.266417	148.1133333	84	19.58	30.83	-1447.155722	38.54	12
30960	2223.338318	154.9085714	82	19.67	36.46	-1447.106542	45.65	0
31200	2225.050279	152.7372727	91	19.67	29.17	-1449.757914	36.46	11
31440	2223.741758	141.07	82	19.35	32.67	-1464.124542	40.83	0
31680	2223.718693	123.8547826	86	19.31	37.06	-1466.239564	46.33	9
31920	2215.050269	156.4005	80	19.23	36.21	-1463.095153	45.29	0
32160	2219.953737	155.0995238	87	19.65	31.1	-1466.259786	38.88	12
32400	2220.646235	148.4204348	78	19.33	37.02	-1468.82662	46.28	0
32640	2216.688042	135.9190909	79	19.73	32.96	-1468.275563	41.2	7
32880	2216.027397	139.145	72	19.42	29.62	-1463.553082	37.03	0
33120	2221.952381	147.6545455	76	19.67	28.58	-1466.518707	35.73	8
33360	2221.205734	135.9542105	71	19.85	29.42	-1467.851602	36.77	0
33600	2222.25	162.9036364	82	19.98	25.94	-1467.196667	32.42	18
33840	2228.932231	159.8757895	77	20	30.33	-1464.761983	38.1	0
34080	2230.398693	154.3085714	81	19.75	32.79	-1460.720588	40.99	11
34320	2228.334951	156.127619	75	19.29	35.12	-1462.056634	43.91	0
34560	2230.011272	156.1738095	85	18.06	34.98	-1462.357488	43.72	13
34800	2227.336013	149.4778261	84	19.06	36.69	-1462.138264	45.86	0
35040	2221.426073	143.8161905	79	17.88	40.58	-1459.899841	50.73	2
35280	2230.209449	143.0190909	73	19.79	31.69	-1464.015748	39.66	0
35520	2231.799065	150.17	80	19.54	27.54	-1464.590343	34.43	14
35760	2231.477658	141.7126087	73	20	32.1	-1465.397535	40.13	0
36000	2231.974046	137.5978261	78	19.42	30.83	-1462.812214	38.59	11
36240	2232.287009	142.2391667	71	18.58	35.44	-1460.753776	44.3	0
36480	2234.958021	155.5258333	74	18.65	30.83	-1457.386807	38.54	8
36720	2235.170659	149.6195652	73	19.27	35.44	-1456.565868	44.3	0
36960	2234.083333	142.8790476	77	18	35.17	-1454.202381	43.96	8
37200	2235.023704	139.432	74	19.85	30.44	-1453.885926	38.05	0
37440	2237.581738	132.323913	83	19.75	31.19	-1454.552283	38.98	13
37680	2234.672489	146.4454545	75	19.81	33.42	-1450.9869	41.85	0
37920	2235.2822	146.2708696	77	19.44	34.46	-1449.529667	43.07	6
38160	2236.742816	148.8725	72	20	29.77	-1449.061782	37.21	0
38400	2236.816239	132.1928571	83	19.65	27.98	-1446.837607	34.97	17
38640	2236.403683	148.4543478	79	19.35	39.67	-1446.172805	49.58	0
38880	2233.822785	156.5095652	82	19.65	33.54	-1444.724332	42.01	8
39120	2235.666201	160.8195238	77	19.17	37.77	-1445.97905	47.37	0
39360	2240.521498	154.1404762	80	19.67	31.52	-1451.453537	39.4	8
39600	2239.711724	151.8685	76	19.06	37.23	-1451.126897	46.54	0
39840	2237.709986	162.7305	78	19.77	32.52	-1451.652531	40.65	8
40080	2235.77973	124.964	69	19.92	31.15	-1452.183784	38.93	0
40320	2237.794355	143.702381	70	19.81	29.02	-1456.563172	36.28	5
40560	2242.325333	135.5995455	64	19.15	25.4	-1458.069333	31.74	0
40800	2243.54702	131.4521739	71	19.79	28.46	-1458.007947	35.57	12
41040	2244.03937	184.94375	64	19.38	34.88	-1455.292651	43.59	0
41280	2245.842037	161.8026087	75	19.96	26.9	-1455.828982	33.67	15
41520	2243.079427	150.3273913	73	19.27	37.62	-1454.110677	47.03	0
41760	2242.158915	143.6326087	78	20	31.73	-1455.895349	39.66	11
42000	2241.857143	157.5977273	75	18.56	40.42	-1459	50.52	0
42240	2241.723077	154.2204762	84	19.71	33.69	-1459.684615	42.11	12
42480	2235.879442	163.3309091	76	19.38	38.08	-1456.205584	47.6	0
42720	2234.110971	157.5931818	83	18.19	37.9	-1454.43884	47.37	12
42960	2236.008783	147.2627273	79	18.96	33.35	-1455.762861	41.88	0
43200	2237.657895	132.3672727	87	19.19	38.21	-1457.126566	47.76	9
43440	2235.564516	137.7636842	79	19.19	34.75	-1457.451613	43.44	0
43680	2234.275523	126.3768182	77	19.58	32.48	-1453.349323	40.6	5
43920	2237.341912	120.7318182	74	18.96	32.67	-1456.001225	40.83	0
44160	2239.247561	168.975	88	19.48	26.65	-1460.529268	33.59	18
44400	2237.372881	165.907619	82	19.77	31.71	-1461.232446	39.64	0
44640	2238.513872	159.6845455	84	20	29.38	-1461.82509	36.72	5
44880	2234.285714	163.7347619	80	19.27	34.33	-1459.487395	42.92	0
45120	2234.055886	153.4404762	82	19.98	26.52	-1459.317479	33.33	10
45360	2235.222615	161.82	74	19.46	30.5	-1458.202591	38.12	0
45600	2235.177986	122.3552632	74	19.67	28.83	-1456.001171	36.04	5
45840	2236.153037	153.6908696	72	19.85	29.92	-1457.732477	37.42	0
46080	2237.386047	144.1772727	79	20	25.46	-1456.903488	31.82	11
46320	2238.782659	132.7143478	74	19.6	30.1	-1459.565318	37.63	0
46560	2241.279632	134.7790909	81	19.29	32	-1466.342923	40	11
46800	2243.814645	117.12	76	19.4	34.08	-1472.177346	42.6	0
47040	2243.469852	153.0695	80	19.52	30.52	-1473.706485	38.15	9
47280	2242.899549	170.5013636	73	19.69	29.58	-1472.344244	36.98	0
47520	2241.608939	175.1491304	81	19.56	26.85	-1471.549721	33.57	17
47760	2242.530134	139.2966667	80	19.42	36.21	-1471.542411	45.26	0
48000	2241.338137	161.138	78	19.29	30.81	-1474.120843	38.59	4
48240	2243.814774	126.2036364	73	19.52	30.58	-1475.578831	38.41	0
48480	2244.752193	131.8734783	75	19.85	27.75	-1475.452851	34.69	7
48720	2248.165217	122.005	67	19.62	30.56	-1477.267391	38.2	0
48960	2249.285405	133.4580952	65	19.54	29.79	-1476.335135	37.42	3
49200	2250.714286	128.5259091	59	20	22.6	-1477.464017	28.26	0
49440	2249.51606	145.6414286	64	19.69	21.85	-1475.56531	27.32	8
49680	2249.479787	139.9504545	58	19.69	22.33	-1477.55	27.92	0
49920	2250.880297	112.5885714	61	19.48	22.96	-1477.32839	28.85	7
50160	2250.533827	127.5061111	59	19.5	22.96	-1476.660677	28.91	0
50400	2249.774499	130.3836842	63	19.92	19.81	-1475.788198	24.77	7
50640	2246.974843	138.4585	58	20	21.92	-1474.880503	27.4	0
50880	2248.750522	126.8504762	68	20	18.46	-1476.68476	23.07	14
51120	2251.665975	135.8430435	62	19.62	29	-1477.545643	36.28	0
51360	2250.071355	139.7370833	67	19.9	26.27	-1476.661841	32.84	8
51600	2247.197734	137.9133333	63	19.85	22.6	-1476.594233	28.41	0
51840	2248.673511	137.2828571	74	19.73	28.58	-1481.014374	35.73	14
52080	2249.434426	159.4254545	72	19.77	25.92	-1482.845287	32.45	0
52320	2247.265514	150.6163636	79	19.42	29.35	-1486.57884	36.8	14
52560	2250.113246	163.9685	73	19.67	34.25	-1488.249747	42.81	0
52800	2251.21809	154.3482609	77	19.94	32.73	-1491.064322	40.96	10
53040	2248.949	151.4680952	72	19.6	26.5	-1490.938	33.12	0
53280	2244.375124	146.8990909	75	19.48	26.9	-1487.839801	33.72	8
53520	2244.305859	134.577619	73	19.69	35.33	-1487.597815	44.17	0
53760	2240.76581	133.4356522	75	19.42	30.25	-1484.816206	37.81	7
54000	2238.213163	144.915	69	19.04	30.67	-1483.564833	38.33	0
54240	2240.172179	115.7247619	65	19.65	30.19	-1486.037938	37.84	6
54480	2239.778744	139.9791667	58	20	23.06	-1485.917874	28.83	0
54720	2240.952015	124.3313636	60	19.08	26.58	-1481.747601	33.23	9
54960	2238.717433	148.9304545	58	20	28.15	-1480.086207	35.18	0
55200	2241.43362	139.4454545	67	19.35	29.69	-1484.360076	37.27	12
55440	2241.950429	133.0943478	65	19.54	30.9	-1486.657769	38.62	0
55680	2243.367077	134.7809524	65	19.98	26.33	-1487.437086	32.92	8
55920	2241.577213	135.5518182	60	19.83	28.52	-1485.230697	35.65	0
56160	2242.254682	126.7590909	66	19.6	28.48	-1485.308052	35.6	12
56400	2243.043802	152.3028571	61	19.67	28.98	-1484.582479	36.22	0
56640	2244.539033	131.112	65	20	24.35	-1484.513011	30.44	7
56880	2245.143652	154.6195455	62	19.96	30.92	-1484.614458	38.65	0
57120	2243.671283	157.8535	65	18.96	26.9	-1484.012004	33.65	7
57360	2239.98804	142.7354545	61	20	27.29	-1482.955842	34.11	0
57600	2239.315934	147.7742857	66	20	25.5	-1482.858974	31.87	10
57840	2239.195434	130.6127273	63	20	28.33	-1482.706849	35.44	0
58080	2237.618961	135.3872727	70	19.88	23.69	-1481.963537	29.61	9
58320	2235.050679	146.94	62	18.77	30.35	-1481.141176	37.94	0
58560	2236.276826	164.4043478	69	20	28.6	-1480.241659	35.76	11
58800	2239.573991	144.0405	63	18.85	25.79	-1480.589238	32.24	0
59040	2241.058036	137.1015	65	20	29.5	-1481.425893	36.88	7
59280	2240.433155	156.6872727	63	19.69	27.44	-1481.033868	34.4	0
59520	2241.05595	126.367	68	20	24.83	-1480.584369	31.28	9
59760	2239.111307	120.5057143	62	19.79	26.88	-1480.765901	33.59	0
59999	2238.432077	136.9468182	60	20	23.7	-1482.314636	29.63	7
60240	2237.666084	131.9919048	57	19.67	29.17	-1481.229895	36.46	0
60480	2236.333333	124.5781818	64	20	25.21	-1478.440383	31.51	12
60720	2237.785217	142.7830435	63	20	25.81	-1479.153043	32.27	0
60960	2237.76843	116.9290909	69	19.92	25.33	-1478.54987	31.67	9
61200	2236.571305	137.0038095	65	18.77	30.46	-1477.809853	38.28	0
61440	2237.50945	140.522381	65	19.42	28.56	-1478.304124	35.83	7
61680	2233.865303	142.1479167	56	19.81	25.1	-1476.086957	31.38	0
61920	2233.800681	139.5058333	66	18.92	31.75	-1475.844123	39.69	11
62160	2231.5	169.2934783	60	19.42	36.08	-1474.024576	45.1	0
62400	2231.168919	162.6630435	70	20	27.42	-1472.769426	34.27	14
62640	2232.315922	160.2522727	67	19.58	32.77	-1475.108677	40.96	0
62880	2231.021044	149.5952381	80	19.08	31.73	-1475.012626	39.66	14
63120	2230.051883	138.4573913	73	18.48	43.5	-1477.026778	54.51	0
63360	2227.703425	148.097	79	19.69	33.75	-1476.319967	42.29	8
63600	2226.843333	144.5704545	76	19.67	32.92	-1477.498333	41.15	0
63840	2226.140962	154.1177273	80	18.06	37.27	-1476.228856	46.59	10
64080	2224.465731	145.3219048	75	19.5	32.71	-1474.566474	40.89	0
64320	2227.153657	135.7209091	79	18.79	33.44	-1474.113394	41.8	10
64560	2226.689655	162.86	78	19.5	31.75	-1473.563218	39.69	0
64800	2226.875817	131.7626316	77	19.33	27.4	-1473.259804	34.24	5
65040	2225.765663	151.034	72	19.9	31.52	-1471.640358	39.4	0
65280	2225.32279	134.9845	78	20	26.17	-1471.620438	32.71	10
65520	2222.844355	169.2933333	71	19.96	29.19	-1470.13629	36.48	0
65760	2220.592444	147.8759091	79	20	28.46	-1468.52492	35.73	12
66000	2223.815052	140.603	74	19.62	27	-1470.429944	33.75	0
66240	2222.425379	160.1104545	87	20	29.19	-1471.066241	36.48	17
66480	2224.388535	165.9922727	84	19.88	34.19	-1474.565287	42.73	0
66720	2226.377971	140.7916667	90	19.81	30.21	-1476.545959	37.89	12
66960	2225.045059	177.787	87	18.88	36.08	-1475.84664	45.1	0
67200	2224.38867	146.6290909	96	19.83	28.69	-1475.585366	35.86	15
67440	2222.502749	166.8195238	94	19.46	36.38	-1474.429694	45.47	0
67680	2229.539117	158.0495238	86	19.6	33.83	-1475.415182	42.29	10
67920	2230.576271	154.4675	79	19.27	32.42	-1473.689522	40.52	0
68160	2231.631579	142.4065	78	19.4	36.75	-1467.948894	45.94	12
68400	2230.750949	158.3191667	72	19.69	35.46	-1467.925588	44.32	0
68640	2231.054587	158.2468421	80	19.08	33.08	-1466.452616	41.35	10
68880	2232.429652	150.68	77	19.21	40.4	-1465.418306	50.49	0
69120	2233.483822	143.7086957	72	20	26.71	-1463.771257	33.39	2
69360	2235.807031	141.9863636	64	19.38	30.35	-1462.958863	38.1	0
69600	2237.144659	145.215	60	19.04	26.46	-1459.219585	33.07	7
69840	2236.698964	133.1195	56	19.9	32.73	-1457.174556	40.91	0
70080	2238.504059	149.84	63	19.5	29.27	-1456.662731	36.59	10
70320	2240.588668	127.3191667	59	19.23	33.94	-1456.487859	42.42	0
70560	2241.071953	128.1171429	61	19.56	30.08	-1455.497797	37.6	5
70800	2239.924542	153.2495455	58	19.5	29.85	-1456.514286	37.45	0
71040	2243.426589	136.5430435	61	19.94	26.88	-1457.050402	33.59	7
71280	2244.102041	143.9529167	58	19.73	23.33	-1457.30102	29.17	0
71520	2243.888727	118.8057895	71	19.77	28.31	-1458.986909	35.49	16
71760	2243.968818	160.4485714	67	19.04	37.35	-1459.839014	46.69	0
72000	2245.782357	154.262381	80	19.62	32.58	-1460.319595	40.73	17
72240	2244.906273	150.3313043	76	19.29	35.44	-1460.886806	44.3	0
72480	2243.021583	143.1365217	78	18.98	34.4	-1460.61223	42.99	5
72720	2242.954871	135.6066667	72	19.56	32.33	-1461.653295	40.42	0
72960	2242.581246	171.8266667	82	20	25.42	-1461.921976	32.03	11
73200	2243.151105	142.2794737	76	20	26.25	-1463.282252	32.81	0
73440	2241.388377	145.2863636	74	20	31.33	-1462.770376	39.17	6
73680	2239.064926	149.316	68	19.88	27.56	-1462.323924	34.45	0
73920	2237.843068	124.2577273	72	20	28.6	-1460.586911	35.76	8
74160	2237.492275	137.5747368	69	20	26.98	-1459.858146	33.72	0
74400	2236.195804	124.3754545	71	19.31	28.4	-1458.504196	35.49	8
74640	2239.029903	119.5966667	63	20	24.48	-1461.652295	30.6	0
74880	2237.624827	131.2190476	68	19.12	30.27	-1460.261442	37.84	9
75120	2240.088581	130.5804545	65	19.31	22.19	-1460.586159	27.92	0
75360	2242.248966	115.4804545	69	19.96	24.54	-1461.664828	30.68	9
75600	2241.34663	137.5573913	65	19.9	29.04	-1461.777166	36.33	0
75840	2241.208505	132.2418182	72	20	23.27	-1461.430041	29.09	11
76080	2240.761092	129.8780952	65	19.92	26.4	-1461.319454	32.99	0
76320	2238.985734	129.8563636	66	20	24.79	-1460.777174	30.99	8
76560	2239.730899	144.527	59	19.92	26.81	-1462.195402	33.59	0
76800	2239.990566	130.6195238	67	19.83	27.06	-1463.354447	33.83	13
77040	2239.746299	152.0577273	65	19.58	29.52	-1463.007402	36.9	0
77280	2240.08871	153.3765217	75	19.62	26.58	-1463.580645	33.23	12
77520	2238.463758	149.5022727	73	20	27.48	-1463.022148	34.35	0
77760	2236.139893	153.1540909	81	19.92	32.54	-1462.52075	40.68	12
78000	2237.50433	143.5336364	74	19.98	30.29	-1464.097268	37.86	0
78240	2237.419269	173.6120833	80	19.58	35.52	-1464.348837	44.56	10
78480	2236.519523	157.9747826	74	19.92	34.79	-1465.208471	43.7	0
78720	2234.980198	134.6810526	77	19.42	34.85	-1465.368977	43.57	7
78960	2232.749672	156.2009524	66	19.77	34.38	-1464.963303	42.97	0
79200	2234.285248	151.5005263	70	19.81	29.1	-1465.060052	36.38	10
79440	2235.117915	158.7421739	67	19.81	28.58	-1465.359609	35.73	0
79680	2236.335065	137.7821053	72	19.98	25.75	-1466.383117	32.37	10
79920	2236.373057	153.8535	68	19.4	30.79	-1465.604275	38.49	0
80160	2235.868302	170.4595455	74	19.15	32.77	-1463.658489	40.96	11
80400	2239.569132	157.8313043	68	19.33	29.85	-1466.700965	37.32	0
80640	2238.820282	149.1577273	74	19.52	32.15	-1465.890886	40.18	9
80880	2237.921305	140.3827273	69	18.88	39.19	-1465.166347	48.98	0
81120	2238.758137	140.3490909	76	19.25	34.31	-1466.478622	42.99	11
81360	2237.928071	144.6928571	72	19	36.77	-1465.898154	45.96	0
81600	2237.401774	135.9072727	71	19.75	33.42	-1464.482256	41.77	6
81840	2236.273877	149.6290909	68	20	28.31	-1463.468691	35.39	0
82080	2237.203529	149.229	73	19.4	29.02	-1462.723377	36.28	11
82319	2237.486842	137.2843478	64	19.77	28.24	-1461.569549	35.3	0
82560	2241.602244	137.2190909	59	19.52	27.12	-1462.569202	34.1	3
82800	2245.586808	147.1008696	56	19.79	21.58	-1463.369633	27.21	0
83040	2246.883995	133.1678261	61	19.85	23.04	-1463.846774	28.8	10
83280	2244.656966	114.11	58	20	26.85	-1462.725077	33.57	0
83520	2243.463822	113.6991667	61	20	22.73	-1462.458256	28.54	5
83760	2244.453704	118.9847826	58	19.69	22.96	-1462.346296	28.7	0
84000	2243.453761	121.0555	64	19.6	20.75	-1462.020962	25.94	8
84239	2244.269325	165.2786364	56	19.75	22.36	-1462.522086	27.96	0
84480	2243.343348	134.9254545	66	20	22.97	-1462.183323	28.71	11
84720	2243.302752	133.0036364	62	20	25.71	-1463.64893	32.14	0
84960	2240.943902	133.0209524	63	19.79	24.06	-1463.378049	30.08	6
85200	2238.456258	127.6	57	19.98	27.42	-1461.964763	34.27	0
85440	2236.979419	125.6527273	57	19.98	24.9	-1460.562349	31.12	6
85680	2236.078963	129.4522727	50	20	20.6	-1458.652803	25.76	0
85920	2238.092604	123.6063636	53	19.83	21.65	-1458.689116	27.06	7
86160	2241.360312	125.747619	48	20	19.79	-1461.526978	24.74	0
86400	2244.656699	146.7895238	58	19.77	28.75	-1465.083732	35.94	14
86640	2243.967184	146.36	54	18.65	31.25	-1465.319212	39.06	0
86880	2244.041691	126.187	58	19.58	31	-1465.940441	38.75	7
87120	2242.763971	149.9057143	55	19.96	25.65	-1465.674197	32.16	0
87360	2241.474184	137.5781818	61	20	29.71	-1465.445104	37.14	9
87600	2242.057499	149.5452381	59	19.96	28.75	-1466.363367	35.94	0
87840	2239.892435	141.5735	67	20	32.56	-1466.880024	40.7	13
88080	2239.739079	170.1552174	65	19.29	35.25	-1466.998229	44.06	0
88320	2238.866235	125.5352381	72	18.83	34.92	-1467.774897	43.65	10
88560	2238.793996	138.738	70	19.73	33.9	-1467.6598	42.37	0
88800	2238.376249	115.3010526	73	19.77	31.92	-1467.270429	39.9	5
89040	2238.160987	171.707619	72	19.81	33.81	-1467.487074	42.27	0
89280	2237.306745	163.4747368	75	20	27.25	-1468.178299	34.06	6
89520	2235.295388	170.9980952	67	19.79	26.21	-1468.742557	32.76	0
89760	2232.974985	140.8814286	73	19.83	26.44	-1468.07039	33.07	12
90000	2233.28007	146.758	71	20	31.65	-1468.990703	39.56	0
90240	2235.548294	139.8521053	78	19.79	32.44	-1475.923077	40.62	15
90480	2234.924855	161.4326316	77	19.25	31.58	-1475.792486	39.48	0
90720	2234.327954	157.6095652	81	19.98	26.92	-1475.936023	33.65	9
90960	2235.079265	158.0185	75	19.65	26.81	-1477.779437	33.78	0
91200	2235.240252	142.1173913	81	19.62	32.48	-1478.248853	40.6	9
91440	2232.671812	142.4818182	76	19.94	27.29	-1477.586621	34.22	0
91680	2234.205362	142.513913	80	19.17	33.56	-1480.449515	42.11	8
91920	2233.08656	133.6815	77	18.92	31.65	-1479.873576	39.56	0
92160	2230.341463	141.4685714	79	19.92	32.58	-1478.916052	40.73	9
92400	2228.954751	143.8421739	74	19.65	28.69	-1478.161199	35.86	0
92640	2231.781162	121.4743478	78	20	27.83	-1482.299492	34.79	9
92880	2231.917555	136.4118182	68	20	29.17	-1481.663489	36.46	0
93120	2232.155568	130.1528571	71	20	22.5	-1481.913822	28.12	7
93360	2232.581473	134.1228571	66	20	24.85	-1482.512277	31.07	0
93600	2234.272525	137.4945455	70	19.6	27.08	-1483.258621	33.85	10
93840	2233.879645	137.6581818	65	19.75	26.83	-1481.881309	33.54	0
94080	2234.183934	136.803913	72	19.98	26.9	-1481.854294	33.72	9
94320	2234.154144	150.1495652	67	19.83	27.81	-1481.434807	34.77	0
94560	2234.784573	129.9435	76	19.52	31.08	-1481.153168	38.85	14
94800	2234.831776	159.9521739	72	19.75	31.65	-1482.412864	39.56	0
95040	2236.572444	139.49	69	19.85	32.65	-1485.776381	40.81	7
95280	2237.946536	134.02	65	19.62	28.6	-1486.881615	35.76	0
95520	2239.736156	134.4855	68	19.69	30.38	-1489.434311	37.99	12
95760	2239.935536	146.28	64	19.5	30.9	-1489.825569	38.62	0
96000	2239.543537	132.7525	69	19.69	29.79	-1489.611682	37.24	8
96240	2240.228571	135.792	63	20	25.65	-1489.30566	32.06	0
96480	2238.443908	132.8366667	63	19.19	29.44	-1488.485239	36.8	8
96720	2238.846277	131.2804348	59	19.67	29.94	-1487.571505	37.42	0
96960	2240.324425	134.2678261	62	19.94	30.67	-1489.096205	38.33	7
97200	2240.194237	128.8204545	59	19.71	29.33	-1488.798826	36.85	0
97440	2237.870075	117.6547619	61	19.79	29.75	-1487.588924	37.19	6
97680	2236.757302	115.3157143	56	19.9	28.42	-1487.501859	35.52	0
97920	2236.757302	113.3678947	64	19.85	26.12	-1487.501859	32.81	8
98160	2236.240191	119.6586364	61	19.75	23.81	-1487.382821	29.9	0
98400	2236.303911	127.7266667	62	20	19.04	-1487.809197	23.8	7
98640	2235.935092	132.4584211	59	19.75	18.21	-1487.842744	22.76	0
98880	2233.652128	131.6282609	57	20	17.73	-1487.203889	22.16	6
99120	2235.026219	142.739	53	20	15.88	-1488.225485	19.84	0
99360	2234.424908	135.4028571	57	20	20.77	-1488.199895	25.96	8
99600	2233.038642	148.2380952	53	19.98	21.29	-1487.841253	26.61	0
99840	2232.530453	152.5443478	66	19.25	30.54	-1488.680375	38.18	19
100080	2232.886293	147.8059091	61	19.81	29.6	-1489.742471	37.01	0
100320	2234.26294	126.8366667	62	19.75	35.35	-1491.228778	44.32	7
100560	2232.604027	142.1154545	57	19.65	32.98	-1490.77904	41.22	0
100800	2231.124742	130.9210526	61	19.12	35.4	-1489.640206	44.24	7
101040	2229.537037	157.0368182	57	19.79	27.88	-1488.695988	35.03	0
101280	2229.236775	133.1747619	61	20	24.81	-1489.593734	31.02	7
101520	2229.191184	141.2204545	57	20	26.06	-1490.434136	32.58	0
101760	2228.554303	119.2484211	67	20	28.56	-1490.129611	35.7	11
102000	2227.818182	149.242	61	20	28.52	-1490.36619	35.86	0
102240	2227.551478	155.267619	67	20	27.52	-1492.787971	34.51	10
102480	2226.619145	128.7261905	65	19.62	28.58	-1492.437373	35.73	0
102720	2226.519289	133.5009524	70	18.81	30.9	-1493.810152	38.62	11
102960	2225.392821	124.901	62	20	24.58	-1493.055106	30.73	0
103200	2226.699294	147.3352174	62	19.25	28.79	-1493.48335	35.99	4
103440	2226.424685	138.3713636	59	20	26.4	-1493.007557	32.99	0
103680	2224.81206	112.1055	58	20	25.1	-1492.662312	31.38	4
103920	2224.909137	137.7757143	56	19.81	25.08	-1493.590863	31.35	0
104160	2224.619048	134.068	61	19.88	22.44	-1493.543358	28.05	8
104400	2223.1955	130.5990909	56	19.88	23.1	-1492.89	28.88	0
104640	2222.884731	124.807619	58	20	19.21	-1492.693114	24.01	6
104880	2221.715139	158.9230435	54	20	20.98	-1492.005478	26.22	0
105120	2221.182587	126.185	67	19.9	29.35	-1491.662687	36.72	15
105360	2221.498012	138.1342857	65	18.92	31.06	-1491.644632	38.88	0
105600	2221.681548	154.3713636	69	19.92	32.6	-1492.249504	40.76	8
105839	2222.824431	131.5245	63	19.81	29.29	-1495.685955	36.61	0
106080	2224.189042	136.0013636	66	19.77	28.36	-1496.197927	35.45	7
106320	2223.572978	156.8095	64	20	26.08	-1495.95217	32.6	0
106560	2224.967536	147.0888889	66	19.83	28.46	-1498.691097	35.57	7
106800	2225.824424	166.6631818	60	19.98	23.62	-1500.571359	29.53	0
107040	2226.390985	142.1013043	71	19.48	31.02	-1501.747183	38.78	13
107280	2223.949707	137.6157895	64	20	27.77	-1502.074707	34.82	0
107520	2223.994639	138.8147826	71	19.65	30.08	-1503.475634	37.6	11
107760	2223.146401	135.2359091	67	19.79	25.04	-1503.1357	31.3	0
108000	2223.800292	148.383	76	18.81	34	-1503.755588	42.5	11
108240	2225.013586	149.4422727	73	19.9	29.96	-1504.622028	37.53	0
108480	2224.357177	134.2456522	73	19.38	28.19	-1505.357177	35.23	8
108720	2224.259402	140.8817391	68	19.79	29.58	-1505.15188	36.98	0
108960	2224.218645	131.0547826	67	20	25.77	-1506.543969	32.21	6
109199	2223.929051	145.3169565	62	19.83	26.3	-1506.892138	32.87	0
109440	2222.283732	131.5795652	67	19.73	30.95	-1505.811483	38.69	9
109680	2221.183206	122.12	61	19.9	26.21	-1504.998092	32.76	0
109920	2220.308935	114.7945455	57	19.81	25.29	-1504.402091	31.61	4
110160	2220.584718	133.9978261	54	19.35	22.29	-1503.952539	27.86	0
110400	2219.430602	116.195	55	20	20.54	-1502.68072	25.68	5
110640	2219.898345	129.2490909	51	19.9	18.69	-1501.792435	23.36	0
110880	2220.081209	121.7147826	60	19.98	29.42	-1501.27526	36.77	12
111120	2220.704802	155.4073913	54	20	26.48	-1501.690207	33.1	0
111360	2221.435355	134.9182609	59	19.9	31.73	-1502.231782	39.66	8
111600	2221.094322	147.2309091	55	20	24.79	-1503.110746	30.99	0
111840	2221.566073	144.6595455	63	19.31	32.62	-1503.210872	40.78	11
112080	2221.268224	164.376	57	20	27.38	-1503.628037	34.22	0
112320	2220.977135	167.8968182	69	19.56	33.23	-1503.70042	41.54	15
112560	2221.045666	151.4359091	66	19.54	32.83	-1504.88397	41.04	0
112800	2222.911245	153.8217391	70	18.62	37.21	-1506.861989	46.51	10
113040	2222.736647	160.0595652	69	19.48	36.98	-1507.121226	46.3	0
113280	2221.868738	149.8172727	82	17	43.4	-1507.064007	54.51	16
113520	2221.329161	171.3204545	81	17.71	45.19	-1507.041725	56.48	0
113760	2219.165587	159.9836842	86	19.06	39.71	-1506.520814	49.64	10
114000	2218.240775	181.165	80	19	36.33	-1507.367159	45.42	0
114240	2217.948482	173.1978261	87	19.88	33.23	-1506.964581	41.54	13
114480	2217.874081	156.1304348	85	19.02	36.44	-1506.793199	45.68	0
114720	2217.69005	142.8738095	86	19.12	35.46	-1508.452545	44.32	6
114960	2216.234783	151.0990909	82	18.94	31.25	-1507.218307	39.22	0
115200	2215.968095	156.6036364	78	17.85	29.25	-1506.345488	36.56	5
115439	2216.395634	160.6117391	85	20	24.87	-1505.283765	31.09	12
115680	2216.548094	136.6909091	80	19.71	26.33	-1506.820327	32.91	0
115920	2216.63587	158.7534783	86	20	28.04	-1508.038043	35.05	10
116160	2218.082204	143.163913	80	18.92	31.12	-1510.112466	38.91	0
116400	2217.376857	126.1836364	78	18.96	31.77	-1509.292661	39.84	5
116640	2219.615247	129.1682609	69	19.9	27.88	-1508.9	34.84	0
116880	2220.147335	149.6995652	76	19.79	27.29	-1508.574563	34.11	10
117120	2220.27932	132.3122727	75	19.1	31.08	-1508.641898	38.85	0
117360	2219.246985	165.3795833	84	19.69	29.02	-1508.648057	36.28	14
117600	2218.708686	140.4165217	78	19.19	38.4	-1508.955902	47.99	0
117840	2219.717835	152.745	79	19.44	37.44	-1508.644188	46.8	10
118080	2219.272687	138.3030435	74	19.62	36.92	-1507.883577	46.15	0
118320	2219.230022	154.3295833	77	19.04	33.5	-1506.783223	42.01	9
118560	2219.813574	146.7226087	73	19.38	35.35	-1508.430586	44.19	0
118800	2220.193137	146.7405	81	19.77	30.94	-1509.156181	38.67	12
119040	2220.324265	153.19	75	18.46	30.81	-1509.737604	38.52	0
119280	2219.465412	159.5672727	80	20	29.06	-1508.995622	36.33	10
119520	2220.005689	176.091	79	19.35	32.08	-1510.022757	40.1	0
119760	2219.466346	148.6704348	84	19.15	27.25	-1510.575612	34.17	8
120000	2220.89795	151.9309524	79	19.67	33.23	-1511.948539	41.54	0
120240	2220.061358	150.5709091	82	19.4	33.23	-1511.593124	41.54	8
120480	2221.00087	143.9961905	80	19.92	33	-1512.514348	41.25	0
120720	2221.558109	136.5413636	77	20	26.73	-1513.575889	33.41	3
120960	2220.533968	118.441	72	19.75	29.44	-1513.838165	36.8	0
121200	2221.675011	153.1565217	76	19.85	22.67	-1516.202417	28.33	10
121440	2222.086059	126.4685	69	19.98	23.29	-1516.325301	29.11	0
121680	2221.906707	145.0334783	80	19.85	27.19	-1516.129837	33.98	13
121920	2222.354783	135.4869565	75	20	26.65	-1515.772201	33.31	0
122160	2222.151243	131.6404762	82	19.67	30.1	-1516.076692	37.63	10
122400	2222.449765	145.3247619	77	18.96	32.77	-1516.097905	41.04	0
122640	2223.518345	151.9295652	81	20	28.27	-1516.763652	35.34	9
122880	2222.535349	124.3021053	77	19.94	30.92	-1516.358603	38.65	0
123120	2224.386837	153.5965217	81	20	27.81	-1517.165605	34.77	11
123360	2225.958086	154.3257895	74	19.62	34.29	-1520.395851	42.86	0
123600	2226.922654	154.9085714	78	19.6	33.15	-1521.597633	41.43	8
123840	2227.102532	142.3877273	74	19.29	30.42	-1522.057806	38.02	0
124080	2227.556866	173.2478261	78	19.69	25.77	-1523.26369	32.21	8
124320	2226.176965	146.7095833	73	20	24.98	-1523.35393	31.28	0
124560	2225.579874	157.8645455	77	19.33	29.81	-1524.600419	37.27	10
124800	2227.17524	138.8990476	71	19.94	32.08	-1526.120452	40.1	0
125040	2226.971572	164.7909091	81	19.12	30.85	-1526.103261	38.57	11
125280	2226.8775	148.203913	73	19.69	31.21	-1527.104583	39.01	0
125520	2226.807324	165.616087	79	19.48	32.65	-1527.081565	40.83	9
125760	2226.217283	137.1747826	75	19.5	30.67	-1526.794765	38.33	0
126000	2226.233416	152.5613043	81	18.42	37.92	-1527.014925	47.47	11
126240	2224.678793	147.2965217	74	19.1	36.83	-1526.362547	46.04	0
126480	2224.681387	134.9680952	77	19.25	32.06	-1526.592241	40.08	7
126720	2224.44385	136.5834783	69	19.92	30.75	-1526.716989	38.44	0
126960	2225.025072	136.7838095	74	19.77	27.23	-1526.262639	34.04	7
127200	2224.660377	114.7381818	69	19.81	28.12	-1525.553733	35.18	0
127440	2224.919295	120.8036364	76	20	21.96	-1525.292913	27.45	10
127680	2225.421977	147.8305	69	19.85	31.33	-1524.644199	39.17	0
127920	2225.075449	151.8555	77	19.81	27.06	-1524.08646	33.83	12
128160	2224.314611	140.4782609	72	20	29.17	-1523.463573	36.46	0
128400	2223.232114	144.8940909	78	20	25.96	-1522.518293	32.45	9
128640	2222.573225	153.7257143	73	18.77	34.98	-1521.212982	43.88	0
128880	2225.209632	150.0026087	79	19.92	29.35	-1522.696074	36.85	12
129120	2224.829633	149.257619	73	19.88	30.08	-1521.525636	37.6	0
129360	2226.524768	150.94125	80	19.69	30.31	-1521.770439	37.89	13
129600	2226.939211	150.7690909	79	19.4	36.65	-1521.901369	45.81	0
129840	2226.601606	146.9170833	85	18.48	34.92	-1521.880723	43.83	12
130080	2226.834336	141.7995455	82	18.56	39.81	-1522.938227	49.77	0
130320	2227.196314	149.3175	85	19.9	28.6	-1523.17508	35.91	6
130560	2227.5096	143.4209091	81	19.52	30.67	-1524.0712	38.33	0
130800	2226.677716	151.6875	87	20	28.98	-1524.027556	36.22	10
131039	2226.549582	133.0935	80	19.87	29.35	-1525.346077	36.69	0
131280	2227.463434	148.3486364	81	19.56	27.01	-1526.901431	33.77	6
131520	2226.716832	134.084	72	19.4	29.69	-1526.407525	37.16	0
131760	2227.082576	171.8895652	74	20	23.77	-1525.532991	29.71	8
132000	2227.385979	138.4490476	66	20	22.62	-1526.42497	28.39	0
132240	2226.867375	149.4080952	80	19.56	27.31	-1526.031877	34.14	16
132480	2227.920392	130.695	71	20	31.52	-1524.593333	39.53	0
132720	2228.798513	172.6204545	73	19.5	38.25	-1525.267214	47.89	8
132960	2231.25	143.5345833	65	20	31.54	-1524.858034	39.43	0
133200	2231.183126	142.14	66	19.31	38.44	-1524.195568	48.05	9
133440	2232.053592	154.3236364	63	19.5	33.42	-1524.165049	41.77	0
133680	2231.978295	133.1827273	70	19.08	32.88	-1523.216667	41.09	12
133920	2231.698179	134.9586364	69	18.48	38.85	-1522.968229	48.57	0
134160	2231.132302	146.1918182	81	19.4	32.96	-1522.507157	41.2	16
134400	2230.700657	155.1028571	77	19.73	36.62	-1522.032831	45.86	0
134640	2231.38233	169.6134783	78	19.85	31.58	-1522.633873	39.48	4
134880	2231.503661	155.9768182	75	19.65	34.06	-1523.039692	42.58	0
135120	2231.088564	158.3009091	83	19.79	32.67	-1522.597998	41.02	10
135360	2230.33218	138.2772727	79	19.62	29.52	-1522.358708	36.9	0
135600	2231.313628	145.8140909	86	19.19	32.94	-1523.596545	41.17	11
135840	2231.169414	164.4934783	82	18.5	38.98	-1524.203526	48.72	0
136080	2231.200688	141.9754545	87	18.67	35.31	-1524.329893	44.14	12
136320	2231.071347	140.5495238	82	19.58	37.69	-1524.25372	47.11	0
136560	2231.065524	170.59	92	18.73	38.23	-1524.451429	48.05	14
136800	2230.37381	170.416	90	18.04	40.23	-1524.136277	50.29	0
137040	2231.446429	177.9795455	93	18.4	39.69	-1524.308131	49.77	8
137280	2231.361153	146.6331818	89	19.06	36.79	-1524.194992	45.99	0
137520	2231.610439	160.1035	87	19.04	39.17	-1524.475794	48.96	6
137759	2231.428571	126.6665217	85	19.06	33.22	-1524.673847	41.71	0
138000	2231.854449	127.4417391	86	20	28.59	-1524.87368	35.74	7
138240	2232.170053	144.224	80	19.73	27.25	-1525.345749	34.06	0
138480	2233.648517	124.5655556	87	19.96	26.25	-1525.956065	32.81	12
138720	2232.577686	151.3440909	79	19.69	29.71	-1525.979408	37.14	0
138960	2233.045964	141.4266667	84	19.35	24.92	-1526.65994	31.15	10
139200	2232.137262	139.7533333	79	20	29.19	-1526.401343	36.48	0
139440	2231.563569	124.152381	78	19.79	26.17	-1526.273978	32.71	8
139680	2232.282061	141.0179167	70	19.9	31.6	-1527.411045	39.51	0
139920	2232.137829	138.9633333	79	19.77	24.33	-1527.46684	30.42	10
140160	2232.632729	130.6895455	77	20	27.67	-1527.679008	34.77	0
140400	2232.387944	125.5273913	80	19.85	28.25	-1527.718195	35.31	6
140640	2232.906677	128.4052381	73	20	28.88	-1528.909996	36.15	0
140880	2232.829161	139.5186364	75	19.85	21.88	-1529.226068	27.34	7
141119	2232.405138	115.3626316	66	20	23.35	-1531.167706	29.18	0
141360	2233.18052	147.6554545	65	20	20.58	-1531.940681	25.73	5
141600	2232.211833	129.7778261	58	20	21.27	-1531.096786	26.59	0
141840	2234.185725	143.8380952	60	19.77	18.1	-1532.176985	22.63	10
142080	2234.730447	127.5566667	57	19.69	23.85	-1532.365951	29.97	0
142320	2234.359375	146.2680952	65	19.83	23.29	-1532.136991	29.11	11
142560	2234.216099	153.2442857	59	19.06	28.56	-1531.474619	35.86	0
142800	2234.384365	151.1380952	67	19.62	26.06	-1530.992761	32.58	13
143040	2235.347308	142.8795238	63	19.21	34.35	-1531.151789	43.12	0
143280	2236.559004	148.613913	68	19.6	35.08	-1531.76651	43.96	9
143520	2236.227109	155.4552632	65	19.25	35.19	-1531.77217	43.98	0
143760	2236.418437	136.2272727	76	20	28.17	-1532.153043	35.21	14
144000	2236.846818	158.6204545	72	19.85	32.38	-1532.019777	40.47	0
144240	2237.316828	163.5022727	76	19.35	31.38	-1532.481163	39.22	10
144480	2236.916905	164.0472727	71	19.08	35.06	-1532.442335	43.83	0
144720	2236.75009	153.8395238	79	18.67	37.79	-1532.417472	47.32	9
144960	2235.721429	182.8322727	72	19.48	35.56	-1532.203929	44.45	0
145200	2235.411325	166.7936842	79	19	31.83	-1532.101496	39.79	15
145440	2235.010317	180.3395238	76	18.23	37.94	-1531.763074	47.42	0
145680	2234.076349	155.8595455	81	18.77	28.94	-1530.656605	36.17	10
145920	2233.951436	170.97	76	19.17	37.35	-1530.847926	47.11	0
146160	2235.830916	152.635	77	19.06	38.23	-1530.408914	47.84	7
146400	2235.516596	161.795	72	19.35	41.25	-1529.89654	51.8	0
146640	2235.780247	172.4130435	85	19.9	32.25	-1529.508642	40.44	16
146880	2235.604651	150.1582609	82	19.52	39.94	-1528.957364	50.08	0
147120	2235.357721	175.0313043	94	18.25	40.19	-1528.351389	50.23	17
147360	2235.387913	154.5065217	91	17.46	46.88	-1527.970836	58.59	0
147600	2234.613684	165.3833333	101	18.27	47.15	-1528.474035	58.96	14
147840	2234.675657	185.8333333	96	17.15	46.17	-1527.870403	57.71	0
148080	2234.978344	168.8842857	106	19.06	39.12	-1527.066364	48.91	18
148320	2234.907504	172.53	104	17.02	51.21	-1526.512391	64.14	0
148560	2235.085077	155.4047826	105	18.75	42.79	-1525.997559	53.59	4
148800	2236.118998	153.9309091	99	18.4	43.6	-1524.811761	54.53	0
149040	2237.089236	142.8315	104	19.79	31.92	-1523.920486	39.9	11
149279	2237.230716	147.9917391	93	18.54	42.01	-1522.28779	52.88	0
149520	2238.687716	144.6073913	92	19.17	33.55	-1520.914769	41.93	6
149760	2240.122849	148.0814286	84	18.92	32.38	-1521.248107	40.47	0
150000	2240.129763	141.3383333	86	19.44	30.35	-1519.999313	37.94	9
150240	2239.890336	138.3545833	81	19.38	31.5	-1518.6573	39.38	0
150480	2241.803828	147.5321739	81	18.25	33.75	-1517.12987	42.19	8
150720	2242.787445	140.8968182	76	19.58	30.29	-1516.869669	37.86	0
150960	2243.449932	129.4531579	79	19.83	21.31	-1516.495913	26.64	8
151200	2245.189878	139.7204762	71	19.79	27.85	-1516.143342	34.82	0
151440	2244.960678	168.014	76	19.65	24.67	-1515.033559	30.83	11
151680	2247.699324	133.5236364	66	20	24.52	-1514.507432	30.65	0
151920	2249.482468	138.0094737	67	20	25.65	-1515.107889	32.06	7
152160	2250.318519	170.4990909	63	19.5	29.94	-1514.820539	37.42	0
152400	2251.27236	143.8614286	70	19.83	23.96	-1514.9731	29.95	11
152640	2251.773858	132.7828571	68	19.94	31.62	-1514.795699	39.53	0
152880	2251.198591	133.4205263	73	19.56	28.4	-1514.245891	35.49	10
153120	2251.746149	161.265	68	19.96	31.17	-1513.986269	38.96	0
153360	2251.573195	139.41	75	19.56	27.62	-1513.670455	34.53	13
153600	2250.804007	126.4831579	72	20	30.17	-1513.231386	37.71	0
153840	2251.57	152.35	71	19.42	28.31	-1513.854333	35.39	4
154080	2252.935108	156.3643478	66	19.81	25.35	-1514.187022	31.69	0
154320	2252.424726	129.7308333	72	20	21.58	-1513.883682	26.98	10
154560	2251.958831	121.2136364	69	19.77	26.54	-1513.497012	33.18	0
154800	2251.527676	121.7891304	71	19.75	26.31	-1512.904209	32.89	7
155040	2251.135296	134.3666667	65	19.58	27.27	-1513.209725	34.09	0
155280	2250.508256	139.4675	68	19.85	22	-1512.759247	27.5	8
155520	2252.069852	140.243	61	19.38	32.9	-1513.182867	41.12	0
155760	2252.349802	161.4290476	74	19.79	25.92	-1513.577734	32.4	14
156000	2254.063096	150.8561905	67	19.6	34.42	-1513.925074	43.02	0
156240	2254.708142	151.1490909	76	19.83	28.02	-1514.696323	35.03	12
156480	2253.44055	144.1238095	69	18.08	41.67	-1513.716345	52.19	0
156720	2254.384238	162.3057143	70	18.46	35.15	-1513.51308	43.93	6
156960	2254.384389	161.4627273	66	19.46	35.21	-1514.804376	44.01	0
157200	2253.93968	153.1554167	78	19.12	31.38	-1514.56733	39.32	17
157440	2254.733745	168.69	69	19.38	31.73	-1514.35078	39.77	0
157680	2254.432749	165.4915	76	19.9	33.08	-1513.887264	41.41	9
157920	2254.442426	154.2990909	71	19.62	34.46	-1513.681479	43.2	0
158160	2254.254616	163.0059091	75	19.04	29.92	-1513.443473	37.66	8
158400	2253.54869	112.5236364	71	19.5	29.15	-1512.782271	36.43	0
158640	2252.91898	126.42	67	20	26.58	-1511.374435	33.23	3
158880	2253.046099	134.2430435	63	19.94	29.35	-1510.666667	36.69	0
159120	2252.811977	121.2722727	66	19.69	22.06	-1509.853187	27.58	7
159360	2251.850209	126.4143478	61	20	21.44	-1508.777242	26.98	0
159600	2252.077714	139.3991667	68	20	19.06	-1507.938343	23.83	10
159840	2253.252804	132.152	61	20	20.08	-1507.920538	25.1	0
160080	2254.55872	133.1220833	66	19.54	23.42	-1507.45472	29.27	9
160320	2253.401917	123.4795238	61	20	23.38	-1506.30607	29.22	0
160560	2253.662089	142.7890476	66	20	24.65	-1506.256787	30.81	6
160800	2253.070746	120.8054545	59	19.54	24.04	-1506.577757	30.05	0
161040	2252.140814	144.7718182	61	19.69	18.65	-1505.456135	23.31	10
161280	2252.017438	146.6790476	53	20	27.81	-1504.019023	35.03	0
161520	2254.3733	136.418	53	19.65	22	-1504.635875	27.5	7
161760	2254.795577	139.0734783	49	20	28.52	-1504.557346	35.86	0
162000	2254.604232	139.1991304	60	19.69	24.56	-1504.384397	30.7	12
162240	2254.968424	135.7071429	59	19.69	31.44	-1504.55952	39.3	0
162480	2255.504888	145.4878261	59	19.29	32.27	-1505.251971	40.34	4
162720	2255.778023	137.7613636	54	19.98	29.98	-1504.826826	37.47	0
162960	2256.080579	135.2459091	65	19.85	29.38	-1505.282657	36.72	12
163200	2256.42911	145.5230435	61	19.31	30.1	-1506.475951	37.63	0
163440	2256.195475	148.4630435	76	19.98	28	-1506.574167	35	16
163680	2255.55245	137.3531818	74	19.4	33.79	-1506.631281	42.32	0
163920	2254.688519	149.2142857	80	19.04	32.15	-1506.871393	40.18	10
164160	2254.63021	157.4117391	77	18.83	36.48	-1507.124726	45.6	0
164400	2254.014085	162.8078261	84	19.1	35.25	-1506.949922	44.06	11
164640	2253.527006	164.6391304	76	19.52	36.42	-1507.561037	45.52	0
164879	2253.230362	145.0268182	77	19.92	27.7	-1507.45106	34.62	6
165120	2253.201618	158.4056522	71	19.69	33.88	-1507.730554	42.35	0
165360	2252.874417	139.8272727	77	19.98	28.81	-1507.585328	36.02	9
165600	2252.06706	114.2842105	73	18.25	36.25	-1507.371934	45.31	0
165840	2252.282838	152.5069565	72	19.9	29	-1509.139715	36.38	6
166080	2251.906869	141.322381	68	19.62	23.31	-1508.599938	29.14	0
166320	2251.266069	144.9542857	71	20	26.73	-1508.102905	33.41	7
166560	2251.013259	134.9595455	64	20	27.98	-1507.580635	34.97	0
166800	2252.168975	149.8681818	71	19.58	31.5	-1508.014158	39.38	13
167040	2252.18059	133.2618182	64	19.6	33.81	-1507.456695	42.27	0
167280	2252.674033	128.0172727	75	20	30.85	-1507.422038	38.57	13
167520	2252.749463	150.7830435	72	19.73	33.42	-1507.204845	41.77	0
167760	2253.460478	151.536087	81	19.58	28.04	-1508.590993	35.13	12
168000	2253.988376	149.6231818	76	19.04	34.96	-1509.674212	43.7	0
168240	2254.172066	143.7642857	87	19.4	32.9	-1509.892726	41.46	14
168480	2254.382479	153.9566667	83	18.31	41.27	-1510.388889	51.59	0
168720	2253.485227	147.9954545	89	19.29	36.65	-1510.040207	45.81	13
168960	2253.088173	166.8572727	83	18.48	38.56	-1509.860748	48.2	0
169200	2251.889192	175.3525	93	18.96	34.02	-1509.114754	42.53	15
169440	2251.573119	161.7008333	91	18.38	40.94	-1508.87409	51.33	0
169680	2251.28143	164.3995238	96	19.15	35.88	-1508.754923	44.84	10
169920	2250.876891	153.6859091	91	18.31	40.35	-1509.408348	50.44	0
170160	2250.977362	166.4852174	100	19.31	37.94	-1508.538183	47.76	16
170400	2250.864718	163.1842857	94	17.73	46.92	-1508.061163	58.8	0
170640	2250.990677	159.2052174	93	19.9	35.71	-1508.056541	44.64	5
170880	2252.111544	157.565	83	19.04	35.6	-1508.082159	44.51	0
171120	2252.038323	157.9231818	89	19.42	31.65	-1507.867066	39.56	11
171360	2252.233114	146.5659091	83	19.33	33.85	-1507.530484	42.32	0
171600	2252.576418	131.4031818	89	19.21	32.46	-1506.792537	40.57	10
171840	2251.681642	150.7342857	78	19.73	39.73	-1505.520678	49.66	0
172080	2251.907039	138.59	80	19.69	32.58	-1505.123849	40.73	8
172320	2253.21418	141.83	76	19.5	31.38	-1504.830021	39.22	0
172560	2253.325829	145.7761905	83	19.79	29.81	-1504.478377	37.27	12
172800	2253.33284	123.9438095	82	19.71	34.27	-1504.56263	42.84	0
173039	2254.829938	134.9068182	77	18.79	34.23	-1505.178919	42.78	5
173280	2255.820944	141.995	74	19.77	31.8	-1505.779056	39.76	0
173520	2255.365164	146.5436364	80	19.1	26.73	-1505.49219	33.41	9
173760	2256.680989	149.3083333	75	20	22.15	-1506.062095	27.68	0
174000	2256.65257	144.4482609	78	20	22.96	-1507.646696	28.91	10
174240	2256.274539	134.7726087	70	19.71	32.85	-1507.813654	41.07	0
174480	2256.896199	160.2577273	74	19.25	32.62	-1507.805556	40.78	11
174720	2258.514869	150.2590909	64	19	34.69	-1508.098834	43.65	0
174960	2257.812464	169.9778261	68	19.67	29.62	-1507.612697	37.03	8
175200	2258.261856	145.4313043	65	19.17	37.21	-1507.399185	46.51	0
175440	2259.167684	116.8278261	66	19.98	26.98	-1508.009881	33.72	5
175680	2258.625181	146.1931818	60	19.65	29.15	-1508.019727	36.64	0
175920	2258.973051	142.9717391	65	19.81	26.81	-1508.651405	33.52	9
176160	2258.543717	153.6045	62	20	25.67	-1508.446728	32.29	0
176400	2258.147399	138.7681818	63	20	22.6	-1508.245665	28.26	7
176640	2258.167822	146.1591304	61	19.77	27.25	-1508.253322	34.06	0
176880	2257.712182	123.0442857	72	19.6	28.06	-1508.034065	35.08	13
177120	2257.752164	154.795	70	19.96	34.81	-1508.124639	43.52	0
177360	2257.654367	148.3442105	76	19.56	27.75	-1508.509945	34.69	9
177600	2258.173625	149.76625	72	19.23	32.35	-1509.923409	40.44	0
177840	2258.053767	136.526	76	19.67	27.79	-1510.532777	34.74	9
178080	2257.872273	154.7004545	70	18.88	36.02	-1511.098163	45.03	0
178320	2258.960734	134.086087	73	20	30.42	-1511.469189	38.02	8
178560	2258.38609	140.7735	68	19.35	28.33	-1511.646251	35.42	0
178800	2259.193429	142.3147368	73	19.15	36.88	-1511.749714	46.09	11
179040	2257.982591	160.2990476	69	19.79	30.65	-1511.054509	38.41	0
179280	2257.666001	139.2382609	80	20	27.62	-1511.06931	34.53	13
179520	2258.274074	135.662381	76	19.69	32.42	-1511.608832	40.62	0
179760	2258.11917	164.7008333	81	19.92	33.98	-1511.382253	42.47	11
180000	2258.128125	149.9471429	77	19.48	31.38	-1511.759659	39.22	0
180240	2258.435992	140.9181818	83	20	33.1	-1511.959977	41.41	9
180480	2257.306209	144.2166667	79	19.35	33.29	-1511.912107	41.61	0
180720	2258.10957	137.4785714	81	19.35	35	-1512.892978	43.75	7
180960	2258.745902	149.4085	75	19.58	29.29	-1513.703505	36.61	0
181200	2257.8378	131.9213636	75	18.94	27.75	-1513.132017	34.71	7
181440	2257.121161	162.8345	71	19.81	27.56	-1512.916596	34.48	0
181680	2257.625845	164.8722727	85	19.92	27.52	-1513.531532	34.4	17
181920	2257.6369	154.3914286	76	18.46	38.6	-1513.260882	48.26	0
182160	2258.775659	139.15	77	19.77	32.6	-1513.180314	40.76	6
182400	2259.466984	144.8675	69	19.12	34.02	-1513.613878	42.53	0
182640	2259.390394	127.852381	72	20	31.73	-1513.367774	39.84	10
182880	2260.324407	161.371	68	19.79	33.9	-1513.861925	42.37	0
183119	2259.581454	155.1340909	68	19.02	25.86	-1513.687552	32.32	6
183360	2258.941602	141.6027273	63	20	25	-1512.881813	31.25	0
183600	2259.770214	144.2454545	73	19.58	26.04	-1512.807724	32.55	13
183840	2259.952804	160.1013636	70	19.15	33.6	-1512.337313	42.01	0
184080	2259.888027	153.4780952	74	19.06	32.02	-1511.898836	40.03	10
184320	2260.174744	143.7413043	71	19.81	29.06	-1511.880366	36.54	0
184560	2259.7114	117.2147368	78	19.73	34.69	-1511.802435	43.36	10
184800	2260.070777	152.5940909	75	20	30.85	-1512.066077	38.57	0
185040	2260.234336	137.2468182	77	19.46	30.92	-1512.351918	38.7	8
185280	2259.936845	132.9778261	74	19.94	27.67	-1512.92802	34.58	0
185520	2259.716882	124.1131818	78	19.75	30.29	-1512.971082	37.86	9
185760	2259.39207	131.2940909	77	19.21	35.42	-1512.947687	44.32	0
186000	2259.356161	150.6509524	84	19.98	26.23	-1513.947745	32.79	11
186240	2259.630596	128.5068182	79	19.25	25.75	-1514.597638	32.19	0
186480	2259.406747	141.8684211	84	20	28.73	-1514.354909	35.91	10
186720	2258.734666	169.1990909	78	19.35	35.04	-1513.823932	43.8	0
186960	2260.125205	144.4978261	79	19.52	27.52	-1514.672668	34.4	15
187200	2260.651309	158.7552174	77	18.92	37.75	-1514.75627	47.19	0
187440	2259.833832	147.413	77	18.79	34.08	-1514.23715	42.6	9
187680	2259.197229	150.2919048	73	18.31	34.04	-1514.484651	42.55	0
187920	2258.926479	164.3173913	77	19.79	31.29	-1514.379273	39.11	9
188160	2258.926479	168.0733333	77	20	29.69	-1514.379273	37.11	0
188400	2259.942911	151.4413043	79	19.75	31.12	-1515.410173	38.91	12
188640	2259.611997	138.4404348	74	19.35	28.29	-1515.144285	35.55	0
188880	2259.6861	134.2382609	76	19.77	29.48	-1515.653171	36.85	6
189120	2259.219078	156.0727273	70	19.15	33.19	-1515.40609	41.48	0
189360	2259.698225	117.0842857	67	19.33	24.19	-1515.39887	30.23	4
189600	2261.246575	113.5809524	62	19.71	24.96	-1516.032501	31.2	0
189840	2260.794741	124.4342105	65	19.56	24.92	-1515.439227	31.15	7
190080	2260.641115	151.1709091	61	20	20.33	-1515.216564	25.42	0
190320	2260.158233	110.5785714	64	20	19.69	-1514.864525	24.61	7
190560	2260.328701	130.2731818	57	20	20.83	-1515.084447	26.04	0
190800	2260.814034	119.0604167	57	20	17.52	-1514.733458	21.9	6
191040	2261.128929	124.7135	51	19.77	18.48	-1514.930741	23.1	0
191280	2261.536332	127.9757143	64	19.94	29.08	-1515.181528	36.35	16
191520	2261.570821	148.0621739	58	19.46	28.19	-1514.959872	35.39	0
191760	2261.61179	148.0161905	63	19.67	28.98	-1515.031599	36.22	8
192000	2261.65004	148.8166667	60	20	28.08	-1514.94269	35.1	0
192240	2262.115028	140.4452381	64	19.65	28.21	-1515.091174	35.26	8
192479	2262.201747	138.5065217	60	19.54	27.16	-1515.461742	33.94	0
192720	2262.338095	117.6681818	68	20	22.88	-1516.392857	28.6	11
192960	2261.119915	147.5604762	62	19.71	30.92	-1516.139989	38.65	0
193200	2260.44248	128.5338095	72	19.81	26.83	-1515.753298	33.54	14
193440	2260.446466	140.6438095	70	19.04	40.23	-1515.854694	50.29	0
193680	2259.669476	153.4140909	74	19.65	37.88	-1515.741111	47.34	9
193920	2258.418091	158.487619	68	19.19	35.25	-1515.262687	44.06	0
194160	2258.997638	138.2434783	69	19.9	31.62	-1515.739633	39.53	8
194400	2258.319623	145.7159091	62	20	33.94	-1514.826041	42.42	0
194640	2258.911826	152.4209524	65	19.08	33.08	-1515.104396	41.35	8
194880	2258.973849	150.1909091	63	19.27	30.04	-1514.972803	37.55	0
195120	2258.532393	143.3155	69	19.73	31.29	-1514.65674	39.11	10
195360	2258.45163	143.5029167	62	19.77	32.02	-1515.187744	40.03	0
195600	2258.294347	124.2095652	66	19.83	29.56	-1515.025788	36.95	8
195840	2258.027315	133.6817391	61	19.77	36.71	-1515.418835	45.89	0
196080	2258.053316	139.023	75	19.4	36	-1515.384135	45	15
196320	2258.356901	145.8157143	73	18.85	34.29	-1515.40967	42.86	0
196560	2258.002076	158.9735	77	19.06	33.38	-1515.278931	41.72	11
196800	2258.106846	166.6065217	75	19	32.12	-1515.554461	40.16	0
197040	2258.015034	150.6671429	82	19.38	34.19	-1515.57802	42.73	9
197280	2257.721057	148.6752174	79	19.85	32.77	-1515.623673	41.07	0
197520	2257.441108	140.611	87	19.73	29.15	-1515.819053	36.43	10
197760	2256.780822	174.5847826	81	19.98	34.38	-1515.982683	43.18	0
198000	2256.874742	144.6054545	89	20	30.25	-1516.485279	38.05	11
198240	2255.830237	162.5786957	85	19.69	32.9	-1516.600619	41.12	0
198480	2255.244662	134.443	79	18.81	32.62	-1516.81734	40.78	5
198720	2255.243959	161.5273913	76	19.4	33.23	-1516.74036	41.54	0
198960	2254.251989	131.1878261	76	18.62	28.29	-1516.192969	35.62	7
199200	2253.707117	146.8128571	67	20	28.21	-1515.534818	35.26	0
199440	2253.460614	125.7835	76	18.94	33.48	-1515.635294	41.85	13
199680	2254.620628	147.3768182	69	19.81	31.81	-1515.621905	39.77	0
199920	2254.269574	133.563913	73	19	33.19	-1515.27799	41.48	8
200160	2256.499618	159.69	65	19.62	29.9	-1517.025706	37.37	0
200400	2256.798373	142.4291304	70	19.21	33.31	-1516.769896	41.64	9
200640	2257.311151	148.5286957	66	19.62	31.6	-1516.824994	39.51	0
200880	2256.954061	135.267	71	19.08	34.88	-1516.824873	43.59	8
201120	2257.115277	152.3819149	64	19.77	29.25	-1516.446415	36.56	0
