240 17
480 27
720 38
960 49
1200 53
1440 49
1680 58
1920 69
2160 71
2400 79
2640 71
2880 60
3120 57
3360 64
3600 73
3840 77
4080 83
4320 77
4560 77
4800 78
5040 87
5280 92
5520 96
5760 92
6000 101
6240 117
6480 118
6720 114
6960 115
7200 133
7440 128
7680 127
7920 124
8160 132
8400 152
8640 151
8880 147
9120 147
9360 145
9600 160
9840 171
10080 165
10320 171
10560 171
10800 171
11040 164
11280 155
11520 156
11760 152
12000 146
12240 145
12480 148
12720 137
12960 138
13200 133
13440 128
13680 126
13920 130
14160 134
14400 134
14640 133
14880 136
15120 127
15360 134
15600 139
15840 135
16080 134
16320 145
16560 137
16800 147
17040 143
17280 148
17520 149
17760 148
18000 147
18240 155
18480 151
18720 154
18960 146
19200 164
19440 169
19680 178
19920 165
20160 165
20400 177
20640 176
20880 176
21120 176
21360 182
21600 182
21840 194
22080 201
22320 196
22560 200
22800 204
23040 202
23280 206
23520 221
23760 220
24000 230
24240 241
24480 237
24720 247
24960 237
25200 254
25440 251
25680 251
25920 252
26160 255
26400 271
26640 271
26880 283
27120 297
27360 290
27600 288
27840 274
28080 271
28320 267
28560 267
28800 270
29040 283
29280 282
29520 289
29760 299
30000 309
30240 309
