Time	cycle	Idle	Open	Setup	TotalWork	Lateness	OEE	New
240	0	42.69318182	0	0	0	0	0	0
479	0	31.34869565	9	0	0	0	0	9
719	0	51.76791667	9	17.85	26.1	0	32.63	0
959	0	44.57416667	19	14.69	20.79	0	26.02	10
1200	0	36.87916667	19	16	37.66	0	47.07	0
1439	0	30.6175	24	17.32	31.38	0	39.23	5
1680	0	34.17625	24	15.7	31.49	0	39.37	0
1920	0	28.22958333	30	14.29	16.81	0	21.12	6
2159	0	34.88375	30	17.07	30.82	0	38.52	0
2400	0	24.74434783	34	15.37	22.95	0	28.68	4
2640	539.5	41.08666667	32	16.31	26.67	-1678	33.78	0
2880	621.3333333	38.03833333	40	9.27	11.31	-1492.666667	14.14	12
3120	621.3333333	40.27166667	40	16.83	36.92	-1492.666667	46.15	0
3360	693.375	36.26666667	50	15.38	29.04	-1650	36.3	12
3600	733.2	44.68	48	14.75	37.23	-1670.1	46.69	0
3840	733.2	38.27130435	58	13.6	26.31	-1670.1	32.97	10
4079	733.6923077	49.19	55	18.2	39.06	-1767.153846	48.82	0
4320	733.6923077	34.81791667	67	14.38	31.37	-1767.153846	39.26	12
4559	733.6923077	31.69375	67	16.23	36.28	-1767.153846	45.4	0
4799	736.8333333	32.47909091	67	13.85	26.42	-1818.277778	33.02	5
5040	728.9047619	32.8225	64	14.11	26.87	-1863.142857	33.64	0
5279	708.1304348	20.0595	68	12.22	14.04	-1943.130435	17.55	6
5520	682.4642857	33.98625	63	15.83	20.37	-1904.107143	25.47	0
5760	677.4	36.79304348	70	6.88	10.83	-1839.866667	13.54	9
5999	707.9393939	40.78869565	67	17.59	30.27	-1952.545455	37.92	0
6239	741.2894737	37.23913043	74	14.21	20.23	-1997.526316	25.29	12
6479	751.6976744	43.695	69	17.75	36.12	-2107.395349	45.16	0
6719	772.7608696	39.09826087	79	14.31	28.56	-2149.021739	35.7	13
6959	783.7222222	44.20958333	71	18.83	43.58	-2225.314815	54.48	0
7200	793.862069	42.27666667	78	16.2	29.34	-2283.206897	36.67	11
7440	796.8064516	37.68086957	74	14.69	36.17	-2304.354839	45.21	0
7679	810.0882353	25.64791667	75	16.86	25.9	-2352.411765	32.37	7
7920	791.5131579	30.8226087	67	15.02	27.14	-2403.855263	33.92	0
8160	800.556962	28.55375	72	12.96	18.19	-2441.063291	22.73	8
8400	797.5	48.14666667	67	17.58	33.96	-2425.345238	42.45	0
8640	799.5227273	42.72375	75	11.65	20.48	-2417.784091	25.6	12
8880	799.0449438	46.97583333	74	15.21	36.75	-2464.786517	45.94	0
9120	811.38	45.39333333	78	16.79	27.92	-2451.74	34.9	15
9359	819.3486239	46.23916667	69	15.31	38.03	-2456.788991	47.54	0
9599	824.6936937	37.945	77	15.65	30.5	-2470.882883	38.12	10
9840	834.0086207	34.85041667	72	16.68	43.42	-2446.793103	54.28	0
10079	836.0508475	21.69772727	75	18.08	25.94	-2486.415254	32.58	5
10320	836.5	52.09583333	69	15.75	28.55	-2479.153226	35.68	0
10559	834.4814815	49.55083333	73	11.4	15.96	-2499.688889	20.03	15
10800	833.0215827	63.47695652	69	16.99	40.37	-2497.107914	50.47	0
11039	820.1048951	63.95875	77	15.71	34.9	-2493.678322	43.62	12
11280	829.4391892	55.03083333	72	16.43	42.2	-2481.560811	52.75	0
11519	826.4516129	39.47	72	16.84	43.05	-2521.354839	53.82	7
11760	826.4968153	48.05875	70	13.4	44.75	-2510.299363	56.04	0
12000	832.0552147	35.51916667	75	13.5	31.79	-2487.092025	39.74	11
12239	834.3892216	57.19166667	71	17.11	39.06	-2476.221557	48.82	0
12479	831.497076	53.57347826	80	14.4	28.19	-2472.573099	35.23	13
12719	835.8983051	55.88041667	74	15.27	40.65	-2526.621469	50.81	0
12960	836.252809	37.26708333	81	16.22	32.76	-2548.02809	40.95	8
13200	841.1381215	47.65166667	78	15	26.19	-2568.259669	32.73	0
13439	843.4816754	38.14956522	76	15.48	28.83	-2573.424084	36.04	8
13679	847.0561224	41.1925	71	16.19	33.6	-2583.806122	42.01	0
13919	844.6934673	27.48541667	76	14.12	24.1	-2581.356784	30.13	8
14159	846.4126214	48.07	69	15.65	34.69	-2585.878641	43.39	0
14399	856.708134	48.37416667	82	14.42	22.56	-2581.143541	28.2	16
14640	857.0280374	51.33608696	77	16.97	40.73	-2563.014019	50.91	0
14879	860.7123288	59.31478261	87	15.84	36.28	-2554.552511	45.35	15
15119	872.0663717	52.20333333	80	14.98	43.75	-2554.628319	54.69	0
15360	875.5608696	48.13583333	84	13.71	37.05	-2542.23913	46.32	8
15600	876.6753247	49.34708333	83	16.98	40.92	-2539.761905	51.15	0
15839	885.5443038	35.89956522	84	17.09	30.48	-2558.607595	38.31	7
16080	881.4125	47.73791667	81	18.55	34.25	-2546.908333	42.82	0
16319	882.2903226	38.62347826	85	16.17	29.81	-2531.475806	37.26	12
16559	885.0909091	58.84608696	80	15.44	30.65	-2554.031621	38.31	0
16800	885.2192308	58.39958333	87	13.94	29.34	-2553.442308	36.67	14
17040	887.6914498	65.47090909	78	16.15	45.12	-2591.434944	56.56	0
17280	891.6167883	63.82708333	87	16.62	38.31	-2587.79562	47.99	14
17519	896.0938628	55.73333333	84	16.46	48.39	-2580.33935	60.49	0
17760	899.1	47.87416667	90	14.56	43.09	-2571.896429	53.86	9
17999	899.195122	60.49086957	83	17.8	42.7	-2556.857143	53.45	0
18239	899.0576271	54.23913043	86	18.27	35.81	-2545.694915	44.77	11
18479	900.8720539	44.88375	84	17.77	42.33	-2545.151515	52.92	0
18719	907.2805281	37.48826087	85	15.38	33.75	-2519.653465	42.19	7
18960	911.3527508	44.9973913	79	15.25	32.32	-2547.744337	40.4	0
19199	914.7650794	41.55916667	83	16.88	23.91	-2530.777778	29.89	10
19439	915.525	26.49541667	78	15.54	32.75	-2541.21875	40.94	0
19680	916.1692308	17.76473684	77	13.44	23.4	-2535.726154	29.25	4
19920	920.4176829	36.34625	74	15	21.31	-2564.780488	26.64	0
20159	921.6966967	22.6	78	4.92	11.4	-2569.018018	14.25	9
20399	927.3313609	53.46913043	73	16.94	28.02	-2585.340237	35.03	0
20639	930.2815249	31.69625	79	13.35	24.38	-2588.381232	30.47	9
20879	932.0988372	43.65583333	76	15.31	31.35	-2596.796512	39.24	0
21119	935.6114286	31.26416667	79	14.38	24.67	-2628.22	30.83	9
21360	939.1703911	46.86416667	71	16.43	27.78	-2633.26257	34.78	0
21600	939.0633609	28.49347826	75	13.4	21.52	-2645.69697	26.9	9
21840	941.4728261	38.86125	70	14.08	23.65	-2654.82337	29.56	0
22079	937.3333333	31.23166667	77	12.76	20.92	-2645.540323	26.15	11
22320	935.8544974	37.61913043	71	17.32	35.04	-2648.722222	43.8	0
22560	938.0417755	26.68272727	74	13.58	24.58	-2649.819843	30.73	8
22800	937.9663212	41.81478261	71	15.44	24.69	-2652.665803	30.86	0
23040	935.648855	38.29291667	74	10.69	19.56	-2657.26972	24.45	10
23280	936.6126582	33.545	72	14.69	30.54	-2672.822785	38.18	0
23519	934.261194	16.24315789	68	16	26.05	-2669.609453	32.56	3
23760	933.1995074	36.5225	64	14.38	20.29	-2664.576355	25.36	0
24000	935.9807692	36.16833333	63	6.79	13.73	-2664.766827	17.4	9
24239	933.2884161	43.36608696	56	15.15	32.3	-2663.446809	40.38	0
24480	932.0539906	37.23791667	65	14.73	22.88	-2657	28.71	12
24720	934.7806005	47.11416667	58	14.12	31.23	-2667.82679	39.04	0
24960	934.2369021	36.4975	63	15.42	31.75	-2677.159453	39.69	11
25199	933.5386364	49.49416667	62	15.46	37.53	-2674.781818	46.91	0
25440	934.7687075	27.64333333	69	16.06	32.68	-2684.920635	40.85	8
25680	929.8808989	44.49875	65	14.96	29.06	-2688.166292	36.33	0
25919	926.46	29.025	67	12.95	31.67	-2688.633333	39.59	7
26160	927.6236324	43.89782609	60	15	27.88	-2695.435449	34.85	0
26399	927.3766234	31.31875	67	14.14	21.99	-2704.463203	27.48	12
26640	925.711828	46.00125	64	16.16	33.98	-2697.716129	42.48	0
26880	924.741453	36.2625	71	17.25	28.98	-2699.467949	36.22	10
27120	923.5810526	53.82086957	64	15.35	32.67	-2712.486316	40.83	0
27359	923.524109	38.71791667	72	14.64	28.03	-2707.597484	35.12	10
27600	923.1541667	47.42541667	69	15.39	37.92	-2715.23125	47.41	0
27839	922.9233954	30.14708333	72	16.36	25.61	-2713.52381	32.01	6
28079	923.0454545	42.675	71	16.38	29.5	-2713.039256	36.98	0
28319	920.3701431	19.05333333	71	15.77	30.15	-2718.496933	37.68	5
28559	919.6727642	49.54375	68	15.04	23.67	-2720.180894	29.71	0
28799	917.5524194	31.4975	75	10.81	19.21	-2726.189516	24.01	11
29040	918.04	50.93083333	71	16.72	34.19	-2721.502	42.82	0
29279	917.3372781	40.74391304	76	15.02	28.08	-2722.276134	35.09	12
29519	918.6744639	47.69666667	70	16.35	30.81	-2730.107212	38.52	0
29759	920.0696325	44.22708333	75	16.48	29.29	-2735.613153	36.61	9
30000	919.9075145	48.6073913	73	16	38.26	-2734.526012	47.82	0
30239	919.109405	48.16833333	84	15.54	31	-2731.049904	38.76	13
30479	917.7661597	47.41391304	79	14.27	40.77	-2732.038023	50.96	0
30719	921.0093809	33.30045455	84	15.21	30.58	-2750.412758	38.23	12
30959	920.164486	50.49625	82	16.75	36.69	-2750.280374	45.86	0
31199	920.716946	35.7726087	91	14.17	29.62	-2754.091248	37.03	11
31440	921.0164835	43.26083333	82	16.54	38.94	-2766.849817	48.68	0
31680	921.3865699	32.30375	86	16.58	30.1	-2768.571688	37.63	9
31919	920.7899461	54.11291667	80	15	35.34	-2757.355476	44.17	0
32160	923.088968	40.79291667	87	16.31	29.15	-2763.124555	36.44	12
32399	923.5481611	34.18	78	15.15	44.16	-2765.924694	55.2	0
32640	922.9514731	23.58208333	79	17.86	32.39	-2762.012132	40.61	7
32879	923.1113014	31.26217391	72	13.14	26.42	-2756.469178	33.03	0
33120	925.0323129	21.98590909	76	12.99	22.47	-2763.438776	28.09	8
33360	926.7200675	65.60583333	71	13.1	24.44	-2762.337268	30.55	0
33599	929.0133333	48.91875	82	9.12	24.04	-2760.433333	30.05	18
33839	930.6578512	59.025	77	16.19	43.44	-2763.036364	54.3	0
34080	930.1748366	46.32875	81	16.64	38.22	-2760.944444	47.77	11
34319	929.1019417	55.95833333	75	15.69	41.32	-2761.289644	51.65	0
34559	928.8357488	47.34625	85	17.79	38.23	-2763.533011	47.79	13
34799	928.1350482	33.12041667	84	15.1	42.1	-2761.339228	52.63	0
35039	927.0063593	22.87227273	79	17.19	32.54	-2754.319555	40.68	2
35279	927.4346457	50.56708333	73	10.77	23.42	-2766.790551	29.35	0
35519	927.7165109	31.06291667	80	9.54	19.58	-2768.672897	24.48	14
35760	927.5531587	54.00083333	73	16.72	37.12	-2769.322034	46.4	0
35999	927.8229008	28.2975	78	17.51	33.7	-2766.963359	42.21	11
36240	927.439577	46.13304348	71	16.56	35.37	-2765.601208	44.22	0
36480	927.4692654	34.15833333	74	15.21	32.79	-2764.875562	40.99	8
36720	927.9401198	44.8925	73	13.02	30.29	-2763.796407	37.86	0
36960	928.485119	33.26333333	77	17.06	26.21	-2759.800595	32.76	8
37200	928.7140741	43.90521739	74	16.23	31.25	-2760.195556	39.06	0
37439	928.466863	40.80347826	83	12.93	25.9	-2763.667158	32.37	13
37680	929.43377	40.57956522	75	14.38	35.66	-2756.225619	44.58	0
37920	930.0853835	29.79347826	77	16.4	33.83	-2754.726483	42.47	6
38159	931.5603448	54.21541667	72	16.88	34.35	-2754.244253	42.94	0
38399	932.0512821	41.88	83	11.44	26.23	-2751.602564	32.79	17
38640	932.9008499	50.0526087	79	16.95	37.76	-2749.675637	47.2	0
38879	931.9957806	47.44	82	16.21	37.91	-2746.551336	47.38	8
39120	932.0656425	65.1825	77	15.56	37.41	-2749.579609	46.76	0
39360	933.8294036	46.33	80	16.48	34.17	-2758.145631	42.71	8
39600	933.2275862	54.43347826	76	15.77	30.04	-2757.611034	37.63	0
39840	932.253078	43.47416667	78	15.42	31.02	-2757.109439	38.78	8
40079	932.7540541	42.15	69	15.4	32.74	-2755.209459	40.93	0
40320	933.6129032	24.29045455	70	16.52	28.15	-2760.744624	35.19	5
40560	935.848	49.31625	64	12.9	16.75	-2764.546667	20.94	0
40800	936.5178808	33.24166667	71	10.67	24.56	-2765.037086	30.7	12
41040	936.1574803	55.42666667	64	16.21	37.25	-2763.174541	46.56	0
41279	936.227154	41.95875	75	14.02	34.69	-2765.443864	43.41	15
41519	935.8880208	49.24608696	73	14.35	43.35	-2761.302083	54.19	0
41760	936.4702842	50.38458333	78	15.93	37.53	-2761.583979	46.91	11
42000	935.4478764	56.87318182	75	16.21	40.12	-2765.409266	50.16	0
42239	937.6858974	47.20625	84	15.86	33.03	-2763.721795	41.47	12
42480	937.822335	47.75791667	76	14.56	42.53	-2754.26269	53.16	0
42720	936.8486759	40.95541667	83	17.58	37.65	-2751.701135	47.06	12
42959	937.8858218	55.31708333	79	13.81	43.2	-2753.885822	54	0
43200	938.2531328	32.26541667	87	16.12	33.11	-2756.531328	41.62	9
43440	938.7667494	37.61434783	79	15.73	31.27	-2754.24938	39.09	0
43680	940.2878229	29.67863636	77	15.77	26.27	-2747.337023	32.84	5
43920	941.2622549	57.17333333	74	15.81	22.06	-2752.080882	27.58	0
44160	942.3853659	36.29347826	88	10.98	22.42	-2757.391463	28.02	18
44399	942.2384988	49.90375	82	16.97	48.1	-2756.366828	60.12	0
44640	942.1737033	31.49333333	84	14.75	26.91	-2758.165259	33.64	5
44879	941.9147659	48.30304348	80	15.5	34.33	-2751.858343	42.91	0
45120	943.0844233	29.37875	82	16.52	28.36	-2750.288942	35.45	10
45360	945.2037691	41.455	74	14.02	31	-2748.221437	38.75	0
45600	945.441452	30.22727273	74	15.75	26.29	-2745.737705	32.89	5
45840	946.2406542	38.85652174	72	13.67	24.4	-2747.64486	30.49	0
46080	947.5290698	34.6675	79	12.85	19.71	-2746.760465	24.64	11
46320	947.2242775	49.63458333	74	16.27	31.44	-2751.123699	39.3	0
46560	947	35.81291667	81	16.35	28.88	-2760.622555	36.28	11
46799	948.0263158	45.16333333	76	16.17	38.05	-2767.965675	47.57	0
47040	947.8168373	32.98173913	80	16.68	32.41	-2769.359499	40.51	9
47280	947.4221219	61.50083333	73	16.1	33.94	-2767.82167	42.6	0
47519	947.8089385	39.05391304	81	15.19	30.96	-2765.349721	38.7	17
47759	946.2120536	58.61625	80	15.58	39.77	-2767.860491	49.71	0
48000	944.6197339	32.98125	78	16.62	29.54	-2770.839246	37.11	4
48239	946.2568908	43.93833333	73	16.46	28.43	-2773.136714	35.54	0
48480	945.7510965	32.29166667	75	15.02	26.68	-2774.453947	33.35	7
48720	945.5532609	29.286	67	14.54	22.73	-2779.879348	28.41	0
48960	945.36	22.35571429	65	13.5	14.75	-2780.260541	18.44	3
49200	946.3480129	45.48625	59	7.52	11.1	-2781.83029	13.88	0
49440	946.2494647	23.42391304	64	9.08	15.96	-2778.831906	19.95	8
49679	946.0606383	32.68916667	58	16.07	22.53	-2780.969149	28.16	0
49919	946.25	30.70086957	61	12.92	25.54	-2781.958686	32.06	7
50160	946.4460888	32.94590909	59	13.17	19.77	-2780.748414	24.71	0
50399	946.3477345	32.35227273	63	14.02	19.25	-2779.214963	24.06	7
50640	945.5838574	45.23083333	58	13.07	24.42	-2776.271488	30.52	0
50879	945.9175365	38.93565217	68	11.55	27.18	-2779.517745	33.97	14
51119	946.7894191	41.56666667	62	16.6	36.98	-2782.422199	46.22	0
51360	946.1571872	30.36478261	67	14.05	28.38	-2780.576008	35.48	8
51600	945.4469619	43.6026087	63	16.94	28.88	-2778.345005	36.09	0
51840	946.1016427	44.00041667	74	14.88	27.6	-2783.586242	34.51	14
52079	946.3493852	50.14173913	72	16.9	32.16	-2785.930328	40.35	0
52320	945.1688708	48.00434783	79	17.82	30.75	-2788.675483	38.59	14
52559	945.0040445	50.215	73	15.52	37.16	-2793.358948	46.44	0
52800	944.4241206	33.16958333	77	13.86	34.79	-2797.858291	43.49	10
53039	942.76	39.29375	72	15.82	36.42	-2797.127	45.53	0
53279	941.8099502	28.76913043	75	16.94	35.65	-2790.404975	44.56	8
53519	941.9900695	52.79916667	73	15.38	30.9	-2789.913605	38.62	0
53760	940.8112648	30.12086957	75	11.99	21.24	-2784.770751	26.56	7
54000	940.3634578	30.6673913	69	14.02	21.54	-2781.414538	26.93	0
54240	941.1605058	26.25909091	65	15.02	21.48	-2785.049611	26.85	6
54479	939.8280193	42.33166667	58	14.27	20.46	-2785.868599	25.58	0
54720	941.8809981	34.12208333	60	11.33	22.26	-2780.818618	27.83	9
54960	941.1044061	44.98869565	58	16.21	33.6	-2777.699234	42.01	0
55200	942.2454632	37.53208333	67	14.5	29.54	-2783.548233	36.93	12
55439	941.9180172	39.72208333	65	15.71	30.29	-2786.690181	37.87	0
55679	940.7994324	28.73043478	65	16.9	29.31	-2790.00473	36.64	8
55920	940.5734463	37.76434783	60	15.44	26.99	-2786.234463	33.74	0
56159	940.1882022	35.1975	66	13.43	29.87	-2787.374532	37.34	12
56400	939.8266542	45.57375	61	15.7	31.72	-2787.799627	39.65	0
56639	940.2249071	25.83809524	65	16.36	31.21	-2788.827138	39.02	7
56879	939.7924004	35.635	62	17.54	32.73	-2789.965709	40.91	0
57119	939.6463527	27.84434783	65	13.9	25.38	-2788.036934	31.72	7
57360	938.4728611	40.03347826	61	12.22	19.65	-2784.471021	24.56	0
57599	937.8186813	40.46958333	66	12.38	20.4	-2784.356227	25.5	10
57840	937.6703196	54.59291667	63	15.83	24.5	-2784.231963	30.76	0
58079	937.3272562	36.225	70	14.56	33.14	-2782.255242	41.42	9
58319	936.00181	49.5575	62	13.71	28.44	-2780.190045	35.57	0
58560	935.5599639	41.18217391	69	15.56	33.47	-2780.958521	41.83	11
58800	936.0080717	47.12416667	63	15.46	32	-2784.155157	40	0
59040	936.2223214	26.37826087	65	14.54	28.21	-2786.261607	35.26	7
59280	935.8680927	29.74666667	63	17.02	24.42	-2785.59893	30.52	0
59520	935.6305506	23.72458333	68	14.42	26.46	-2786.009769	33.07	9
59760	934.6448763	35.68291667	62	13.27	25.38	-2785.232332	31.72	0
59999	933.1481157	26.18227273	60	12.38	24.1	-2787.598598	30.13	7
60240	933.152972	40.6625	57	14.27	21.45	-2785.743007	26.82	0
60480	932.4847694	33.75695652	64	11.83	25.21	-2782.288947	31.51	12
60720	932.5252174	59.29875	63	14.5	23.79	-2784.413043	29.74	0
60959	931.9921943	38.79791667	69	13.54	33.28	-2784.326106	41.68	9
61200	931.5574762	45.03583333	65	15.5	25.14	-2782.823682	31.43	0
61439	931.290378	31.43130435	65	17.03	26.59	-2784.523196	33.24	7
61680	929.7331628	42.09478261	56	14.32	27.68	-2780.219096	34.6	0
61920	929.6039182	49.02208333	66	16.6	31.5	-2780.040886	39.38	11
62160	928.3313559	65.27217391	60	15.58	29.25	-2777.19322	36.56	0
62399	928	48.23916667	70	14.27	35.04	-2775.938345	43.8	14
62639	927.6756529	64.28583333	67	17.4	37.77	-2779.748947	47.21	0
62880	927.2853535	59.71958333	80	15.31	39.9	-2778.748316	49.87	14
63120	926.3472803	60.96458333	73	14.75	42.62	-2780.731381	53.28	0
63359	925.4477861	40.70478261	79	17.51	40.42	-2778.575606	50.52	8
63600	924.8766667	55.18375	76	17.05	37.45	-2779.465	46.81	0
63839	924.3366501	36.19416667	80	14.81	40.34	-2778.033167	50.42	10
64079	923.5879438	43.8325	75	15.17	34.29	-2775.444261	42.86	0
64320	923.8734593	37.23541667	79	16.99	31.29	-2777.393591	39.11	10
64560	923.8119869	47.86291667	78	16.73	30.25	-2776.440887	37.81	0
64800	925.4501634	30.33375	77	18.52	27.15	-2774.685458	34.06	5
65040	926.903987	41.23	72	12.75	15.65	-2770.502034	19.56	0
65279	926.6642336	32.07291667	78	16.76	29.08	-2770.278994	36.58	10
65520	927.9677419	50.57458333	71	16.93	28.65	-2765.012903	35.81	0
65760	928.2684887	38.94583333	79	14.58	27.81	-2760.848875	34.77	12
66000	928.9775821	53.84521739	74	16.58	25.31	-2765.267414	31.64	0
66240	928.537909	40.37956522	87	16.25	31.88	-2764.953711	39.84	17
66480	929.6281847	58.68869565	84	14.69	34.77	-2769.325637	43.54	0
66719	930.1045959	55.03083333	90	15.88	38.91	-2772.819334	48.64	12
66960	929.9304348	54.9875	87	14.56	33.51	-2770.961265	41.88	0
67199	930.5719906	42.98791667	96	16.51	36.63	-2769.402046	45.79	15
67440	930.1908877	53.82875	94	16.06	37.61	-2766.741555	47.02	0
67680	932.3369481	36.36708333	86	16.25	42.42	-2772.617351	53.02	10
67920	932.8913713	54.73625	79	16.62	31.21	-2771.374422	39.01	0
68159	935.4050343	40.68083333	78	16.11	36.02	-2764.175439	45.03	12
68400	935.634776	54.36478261	72	14.13	33.98	-2763.041762	42.48	0
68640	936.1394996	42.19833333	80	15.08	36.12	-2761.367703	45.16	10
68880	936.7087746	36.72583333	77	14.94	31.35	-2761.139183	39.19	0
69120	937.6170053	28.50434783	72	17.96	35.08	-2759.638074	43.93	2
69360	937.9491399	35.90833333	64	15.75	22.83	-2760.816754	28.54	0
69599	938.6060831	29.8775	60	10.9	25.77	-2757.75816	32.22	7
69839	938.6294379	45.15521739	56	14.54	23.54	-2755.244083	29.43	0
70080	939.1800738	34.05166667	63	13.9	31.1	-2755.986716	38.87	10
70319	939.3002208	42.2175	59	15.44	27.68	-2757.776306	34.6	0
70560	939.9581498	27.50304348	61	16.14	27.99	-2756.611601	34.98	5
70800	938.0673993	41.10291667	58	15.31	25.06	-2758.371429	31.33	0
71040	939.9327977	39.14375	61	15.75	22.4	-2760.544193	27.99	7
71279	940.606414	51.34304348	58	15.75	24.62	-2760.796647	30.99	0
71520	940.4770909	43.72583333	71	16.52	29.56	-2762.398545	36.96	16
71760	940.1878173	62.48791667	67	15.88	35.92	-2763.620015	44.9	0
71999	940.3333333	53.53166667	80	15.59	41.17	-2765.768619	51.46	17
72239	940.1319394	39.30625	76	16.19	45.73	-2765.661139	57.16	0
72479	939.7446043	36.36	78	17.81	32.25	-2763.889209	40.31	5
72720	940.1189112	45.14666667	72	14.81	29.52	-2764.489255	36.9	0
72960	939.7924123	34.52291667	82	14.48	31.06	-2764.710809	38.83	11
73200	940.0128297	36.93708333	76	16.94	28.12	-2766.420527	35.16	0
73440	939.8894401	27.705	74	13.52	31.96	-2764.269313	39.95	6
73680	939.1820748	25.80125	68	15.83	24.31	-2762.206775	30.39	0
73920	939.2660099	27.33666667	72	14.69	23.56	-2759.163969	29.45	8
74160	939.2043539	33.47695652	69	11.31	20.31	-2758.146067	25.39	0
74399	938.9832168	26.81291667	71	14.16	25.42	-2755.716783	31.77	8
74640	939.2107093	36.58	63	13.07	19.15	-2761.471488	23.94	0
74880	939.4597781	29.82291667	68	13.23	23.08	-2758.426491	28.85	9
75120	939.883045	28.40583333	65	14.77	22.88	-2760.791696	28.59	0
75360	940.7055172	30.03	69	14.33	29.54	-2763.208276	36.93	9
75600	940.025447	52.67083333	65	10.83	21.5	-2763.098349	26.88	0
75840	939.8607682	32.98217391	72	14.29	27.58	-2762.777778	34.48	11
76080	939.1672355	36.73521739	65	15.1	25.52	-2762.913311	31.9	0
76320	938.2357337	33.10652174	66	14.88	26.83	-2761.527174	33.54	8
76559	937.7221095	52.5526087	59	13.81	20.54	-2764.204192	25.68	0
76799	937.0188679	37.90826087	67	14.71	31.79	-2766.326146	39.74	13
77039	937.0881561	50.67291667	65	15.65	35.75	-2765.665545	44.69	0
77279	936.9791667	38.09958333	75	16.79	34.88	-2766.690188	43.59	12
77519	936.3510067	53.64086957	73	17.83	34.81	-2765.134899	43.52	0
77760	935.1184739	46.11956522	81	15.81	35.04	-2763.542169	43.8	12
77999	934.4663558	57.30583333	74	16.65	28.14	-2767.135243	35.17	0
78239	934.0724252	43.17782609	80	16.48	37.17	-2767.695681	46.69	10
78479	933.2653872	52.35875	74	17.17	41	-2768.462608	51.28	0
78719	933.1927393	34.60666667	77	18.19	37.02	-2767.156436	46.28	7
78960	933.3112713	45.31125	66	17.26	25.06	-2764.401704	31.33	0
79199	933.6240209	30.39	70	15.04	27.66	-2765.721279	34.57	10
79440	932.9934853	35.3125	67	16.29	27.43	-2767.484039	34.28	0
79679	933.1064935	37.27125	72	14.94	33.98	-2769.611688	42.47	10
79919	933.0718912	51.98913043	68	13.27	28.4	-2768.90544	35.49	0
80160	933.3324726	38.22083333	74	13.03	34.75	-2766.194319	43.44	11
80400	933.326045	50.77958333	68	12.71	31.5	-2772.944051	39.38	0
80639	933.7997433	43.66041667	74	18.12	35.46	-2770.911425	44.33	9
80880	933.428023	47.46291667	69	16.45	29.17	-2769.659629	36.46	0
81120	933.3446075	43.97708333	76	17.98	36.58	-2771.892151	45.73	11
81360	933.214513	43.7775	72	16.21	30.88	-2770.611712	38.59	0
81600	933.4100127	32.97958333	71	15.96	31	-2768.474018	38.75	6
81840	932.7855787	51.16217391	68	15.29	20.02	-2766.956989	25.03	0
82079	933.6086957	38.09458333	73	13.24	25	-2766.31821	31.25	11
82319	934.2249373	34.58652174	64	12.46	21.6	-2764.831454	27.01	0
82559	933.9008728	32.73869565	59	16.73	25.83	-2770.270574	32.29	3
82800	933.76229	35.86826087	56	15.89	21.83	-2775.194151	27.28	0
83039	934.4243176	26.39666667	61	14.62	24.39	-2776.306452	30.49	10
83280	933.7040248	26.03590909	58	12.47	20.23	-2773.678019	25.29	0
83519	933.4291899	31.40636364	61	13.85	20.73	-2772.492888	25.92	5
83759	933.5104938	28.84478261	58	8.5	14.29	-2773.289506	17.86	0
84000	933.5154131	33.53913043	64	13.4	19.9	-2771.959309	24.87	8
84239	934.0717791	40.75458333	56	10.82	19.54	-2772.719632	24.42	0
84480	933.7792765	33.7626087	66	14.07	36.62	-2771.747394	45.77	11
84719	933.5816514	34.78	62	14.46	31.74	-2773.370031	39.67	0
84960	932.3493902	22.52625	63	16.54	34.52	-2771.972561	43.15	6
85199	931.3414338	19.7252381	57	13.83	25.34	-2769.079587	31.67	0
85440	930.5181598	32.11125	57	13.09	23.88	-2767.023608	29.85	6
85680	929.6696805	30.51791667	50	7.48	13.08	-2765.062086	16.35	0
85920	930.5724594	36.35416667	53	12.29	17.98	-2766.20926	22.47	7
86160	931.3399281	59.58	48	13.48	17.56	-2771.547362	21.95	0
86400	931.7912679	44.20208333	58	13.96	34.44	-2777.949163	43.18	14
86640	931.2846062	46.51826087	54	16.65	34.12	-2778.00179	42.79	0
86880	930.8415724	38.14666667	58	14.88	33.23	-2779.14056	41.54	7
87120	930.1438763	54.60833333	55	14.65	26.25	-2778.294293	32.81	0
87359	929.789911	43.36666667	61	14.9	37.05	-2777.129377	46.47	9
87599	930.0041494	54.08708333	59	14.35	29.02	-2778.416716	36.28	0
87839	928.7943262	47.64208333	67	15.52	42.5	-2777.978132	53.39	13
88080	928.4545455	54.29791667	65	17.14	36.24	-2778.282763	45.31	0
88319	928.2734237	49.20833333	72	14.08	38.33	-2778.367708	48.09	10
88560	928.8858152	45.11583333	70	15.35	31.8	-2777.567981	39.76	0
88799	928.8265726	34.71833333	73	17.2	33.87	-2776.820106	42.34	5
89040	928.6028202	36.80291667	72	15.91	27.59	-2777.045241	34.49	0
89279	928.2469208	34.46333333	75	15.42	32.91	-2777.238123	41.13	6
89520	927.2767075	43.65166667	67	12.84	21.04	-2776.761238	26.3	0
89759	927.034904	41.55958333	73	15.08	34.71	-2774.010471	43.38	12
89999	926.8605462	50.73208333	71	17.15	31.06	-2775.410227	38.83	0
90239	927.7518797	39.75291667	78	15.85	37	-2783.719491	46.25	15
90480	927.6647399	43.3625	77	15.48	27.9	-2783.052601	34.88	0
90720	928.6893372	34.04130435	81	15.98	34.75	-2781.57464	43.44	9
90959	929.0413555	43.84541667	75	17.99	28.35	-2783.817346	35.43	0
91200	929.8274083	35.09666667	81	17.1	27.78	-2783.661697	34.73	9
91440	929.3379074	43.55416667	76	16.23	21.56	-2780.920526	26.95	0
91680	929.3850542	34.38913043	80	14.29	33.67	-2785.269823	42.08	8
91920	929.2961276	43.52583333	77	15.56	22.02	-2783.664009	27.53	0
92160	928.4639818	33.72956522	79	15.65	30.94	-2780.793534	38.67	9
92400	928.3704751	40.77791667	74	15.96	24.25	-2778.745475	30.31	0
92640	927.607445	32.77958333	78	14.31	22.94	-2786.473209	28.67	9
92879	928.1996635	41.05166667	68	13.01	21.46	-2785.38138	26.83	0
93119	928.4879687	32.7675	71	14.6	27.46	-2785.581421	34.32	7
93360	928.4871652	38.8	66	12.43	17.86	-2786.606585	22.46	0
93600	929.621802	39.33130435	70	15.69	29.6	-2787.909344	37.01	10
93839	928.8363838	45.05041667	65	17.89	22.05	-2786.92457	27.56	0
94079	928.934072	44.27913043	72	16.04	35.04	-2787.104155	43.8	9
94319	929.2027624	46.95416667	67	13.94	27.23	-2786.386188	34.04	0
94559	928.9360882	41.37666667	76	17.81	35.23	-2787.001653	44.04	14
94800	928.9868059	50.20869565	72	14.81	34.3	-2788.257834	42.95	0
95040	929.1416074	46.60291667	69	15.79	34.52	-2793.207217	43.15	7
95279	928.7364975	50.99625	65	15.56	26.3	-2796.091653	32.87	0
95520	928.3995657	36.605	68	15.27	38.69	-2800.770901	48.37	12
95759	928.2128927	37.60416667	64	15.29	29.06	-2801.548212	36.32	0
96000	928.3780422	37.23217391	69	15.04	33.63	-2800.777177	42.04	8
96240	928.3557951	39.35583333	63	13.79	24.56	-2801.178437	30.7	0
96480	928.5222759	29.02833333	63	17.67	27.9	-2798.406871	34.87	8
96719	928.580075	34.76347826	59	15.27	27.11	-2797.837708	34.1	0
96960	928.8369856	33.20125	62	12.12	33.07	-2800.583645	41.34	7
97199	929.2310566	32.60541667	59	15.36	21.38	-2799.762006	26.73	0
97440	929.0623003	27.13826087	61	16.16	25.27	-2796.396699	31.59	6
97680	928.8279341	26.65	56	13.69	18.1	-2795.431227	22.63	0
97920	928.8279341	28.38826087	64	13.96	28.33	-2795.431227	35.42	8
98160	928.9019088	25.98238095	61	9.29	16.04	-2794.721103	20.05	0
98400	929.2854123	29.90791667	62	9.65	16.25	-2794.827696	20.31	7
98640	929.1461741	30.62681818	59	6.54	11.81	-2794.631662	14.77	0
98880	928.9542827	30.70916667	57	12.25	15.92	-2791.901734	19.9	6
99120	929.2632407	38.49291667	53	8.94	13.12	-2793.988464	16.41	0
99360	929.2841444	46.45227273	57	12.9	29.83	-2793.340659	37.29	8
99600	928.7472585	64.41416667	53	11.46	19.46	-2792.132637	24.32	0
99840	928.1837585	52.34833333	66	16.88	41.06	-2793.027069	51.33	19
100079	928.0773624	60.26391304	61	15.61	41.95	-2794.551402	52.43	0
100320	927.6832298	44.90083333	62	15.48	42.74	-2797.808489	53.42	7
100560	927.0578214	37.52625	57	12.54	27.88	-2796.325245	34.84	0
100800	926.6597938	32.17916667	61	16.23	38.31	-2794.105155	47.89	7
101040	926.3868313	34.48625	57	15.98	31.6	-2791.846193	39.66	0
101279	925.9147406	34.08458333	61	14.37	25.92	-2792.915768	32.4	7
101520	925.5012814	40.46125	57	13.96	16.06	-2794.124039	20.07	0
101760	925.3811475	39.25833333	67	14.21	33.19	-2793.302766	41.48	11
101999	924.8258427	41.28333333	61	13.58	22.89	-2793.358529	28.61	0
102240	924.6666667	46.765	67	14.79	34.38	-2795.672783	42.97	10
102480	924.5947047	47.83541667	65	16.1	26.92	-2794.461813	33.67	0
102720	924.8319797	37.51	70	16.54	33.35	-2795.497462	41.69	11
102960	924.9024267	38.39083333	62	16.52	34.42	-2793.545501	43.2	0
103199	925.2270434	26.90958333	62	16.09	29.02	-2794.9556	36.27	4
103439	925.4503778	19.08166667	59	14.98	18.94	-2793.981864	23.67	0
103680	925.1884422	39.07291667	58	12.66	17.08	-2792.28593	21.34	4
103919	925.0778112	37.27625	56	4.85	7.09	-2793.422189	8.87	0
104160	925.1804511	37.20541667	61	16.12	27.86	-2792.981955	34.83	8
104399	924.953	30.72791667	56	14.92	19.94	-2791.1325	24.92	0
104639	925.5494012	51.05375	58	15.9	22.35	-2790.028443	27.94	6
104880	925.4596614	73.70043478	54	12.57	15.08	-2788.260956	18.85	0
105120	925.541791	48.75782609	67	14.48	37.23	-2787.303483	46.54	15
105359	925.7480119	47.66434783	65	15.86	31.88	-2787.394632	39.85	0
105600	925.5119048	43.81875	69	16.74	42.57	-2788.419147	53.22	8
105840	925.8466864	31.65625	63	16.54	30.94	-2792.663699	38.67	0
106080	926.1999013	34.06	66	14.62	38.94	-2794.187068	48.67	7
106320	926.1242604	22.82863636	64	13.54	22.4	-2793.400888	27.99	0
106559	925.5115593	37.62791667	66	15.52	32.47	-2798.147073	40.59	7
106800	925.3639039	39.6575	60	11.47	18.8	-2801.031878	23.5	0
107040	925.6991671	39.33375	71	16.79	35.6	-2802.439	44.51	13
107280	924.9545898	37.85208333	64	15.29	27.71	-2801.069824	34.64	0
107519	925.1822612	44.17375	71	17.61	31.13	-2802.288012	38.91	11
107759	924.9727626	40.33	67	13.23	25.96	-2801.309339	32.45	0
108000	925.0908649	41.33333333	76	16.85	37.99	-2802.465015	47.48	11
108239	925.3163513	37.975	73	15.17	28.22	-2804.319262	35.28	0
108480	925.5350411	35.35695652	73	16.27	27.08	-2804.179314	33.84	8
108720	925.7222758	34.53130435	68	14.58	22.25	-2803.689007	27.94	0
108960	925.0422874	36.35958333	67	16.54	29.42	-2805.720327	36.77	6
109199	925.0556088	45.8226087	62	11.78	16.74	-2805.76558	20.92	0
109439	924.877512	29.01125	67	14.88	33.12	-2803.217703	41.41	9
109679	925.0477099	30.0605	61	15.33	21.94	-2801.133588	27.42	0
109920	925.0446768	30.50458333	57	14.56	20.21	-2799.66635	25.26	4
110159	925.2406265	24.29565217	54	7.05	11.23	-2799.29663	14.04	0
110399	924.7413548	43.9825	55	15.85	22.02	-2797.369967	27.53	5
110640	924.8548463	43.12708333	51	9.23	11.08	-2796.835934	13.85	0
110880	924.621813	48.66347826	60	17.58	38.54	-2796.734655	48.18	12
111120	924.4322034	42.67666667	54	12.54	29.19	-2797.962806	36.48	0
111360	924.7668077	40.61416667	59	16.83	38.9	-2798.900329	48.62	8
111600	924.2252464	40.91125	55	15.38	27.83	-2799.979822	34.79	0
111839	924.2478913	45.29521739	63	16.82	38.52	-2800.529053	48.14	11
112080	923.767757	62.33565217	57	16.45	25.58	-2801.128505	32.11	0
112319	923.970602	54.34	69	15.82	48.33	-2800.706953	60.41	15
112560	922.7893756	51.03583333	66	14.83	36.58	-2803.140261	45.72	0
112799	923.7704461	48.57	70	17.45	40.38	-2806.002788	50.47	10
113040	923.8337204	83.25173913	69	17.95	33.42	-2806.024152	41.78	0
113280	923.4406308	68.64375	82	16.71	49.46	-2805.492115	61.82	16
113520	923.2739917	59.53347826	81	10.67	38.17	-2805.096894	47.76	0
113760	923.0180389	55.81666667	86	16.56	46.21	-2802.668363	57.81	10
114000	922.5890221	51.93916667	80	15.33	32.27	-2803.018911	40.34	0
114240	922.274609	43.16583333	87	15.56	48.67	-2802.638454	60.99	13
114479	922.1994485	41.90541667	85	16.13	31.46	-2802.467831	39.54	0
114720	922.3516735	36.54958333	86	15.93	32.2	-2803.790922	40.25	6
114959	922.9171625	24.1	82	17.68	19.52	-2800.535927	24.4	0
115199	924.295351	33.78	78	14.54	23.21	-2798.018232	29.01	5
115439	924.6721237	33.85458333	85	8.69	14.21	-2797.007276	17.76	12
115680	924.6823956	43.29958333	80	15.95	41.18	-2798.686025	51.48	0
115920	924.9764493	38.35791667	86	14.58	26.92	-2799.697464	33.7	10
116159	925.2971996	31.71708333	80	16.57	36.36	-2802.897471	45.45	0
116399	925.3106709	26.88304348	78	15.58	27.9	-2801.358847	34.87	5
116640	928.3147982	48.54083333	69	15	22.59	-2800.200448	28.24	0
116880	929.0756829	45.77391304	76	11.71	13.21	-2799.646216	16.51	10
117119	929.2085944	54.4525	75	16.19	36.51	-2799.712623	45.63	0
117360	929.1241626	56.64083333	84	15.77	29.5	-2798.77088	36.88	14
117599	929.0694878	49.7926087	78	14.83	46.38	-2798.5951	58.03	0
117840	930.054126	45.32541667	79	14.65	36.39	-2798.307897	45.49	10
118079	929.8919876	49.92541667	74	17.32	40.29	-2797.264276	50.37	0
118320	929.6220751	38.43913043	77	14.81	32.34	-2796.39117	40.43	9
118559	929.7844866	49.21791667	73	17.45	34.98	-2798.459674	43.72	0
118800	929.866256	46.36541667	81	13.48	29.5	-2799.483062	36.88	12
119040	930.1057481	47.83041667	75	16.71	40	-2799.956121	50	0
119279	930.0542907	52.97708333	80	14.44	24.81	-2798.406743	31.01	10
119520	929.9487965	50.28416667	79	14.44	39.9	-2800.07965	49.97	0
119759	930.2019231	39.21913043	84	15.52	26.21	-2799.840035	32.77	8
119999	930.6284344	48.52583333	79	15.69	37.29	-2802.218055	46.61	0
120239	930.502611	41.44958333	82	14.02	26.48	-2801.151871	33.1	8
120480	930.9065217	32.95666667	80	15.46	27.57	-2802.608696	34.47	0
120719	930.4362533	21.54333333	77	16.78	22.74	-2804.697745	28.43	3
120960	930.1657291	47.28875	72	15.08	18.03	-2804.206404	22.54	0
121200	931.2347864	43.66291667	76	5.25	6.77	-2806.642641	8.46	10
121439	932.2796902	48.84217391	69	13.91	27.99	-2806.13167	35.22	0
121680	932.2601032	44.37708333	80	14.69	23.24	-2805.77644	29.05	13
121919	932.7408837	44.62521739	75	15.69	42.51	-2805.3861	53.37	0
122160	932.5355613	49.25826087	82	16.04	36.06	-2805.692374	45.07	10
122400	932.7896537	41.70826087	77	15.9	40.69	-2805.758016	50.86	0
122639	933.487628	47.59083333	81	13.85	27.2	-2806.794369	34	9
122880	933.3228279	45.20913043	77	15.08	33.59	-2805.571124	41.99	0
123120	933.7146497	47.1725	81	15.96	28.6	-2807.837792	35.76	11
123360	933.6837426	43.97291667	74	14.65	34.06	-2812.670195	42.58	0
123599	933.5338123	42.11541667	78	15.06	28.28	-2814.986475	35.36	8
123839	933.4080169	45.06625	74	16.08	32.5	-2815.752321	40.62	0
124080	933.3433024	36.035	78	15.66	23.9	-2817.477254	29.88	8
124319	933.4922236	40.82708333	73	17.18	33.2	-2816.038672	41.5	0
124559	933.3052411	37.56916667	77	15.5	30.25	-2816.875052	37.81	10
124800	933.6294437	47.50625	71	13.71	40.46	-2819.666248	50.62	0
125039	933.7934783	45.39791667	81	14.6	26.88	-2819.281355	33.6	11
125279	934.1775	42.74347826	73	15.65	35.48	-2819.804583	44.35	0
125519	934.3645443	41.78	79	17.21	28.88	-2819.524345	36.09	9
125759	934.2309929	48.21	75	17.33	36.56	-2818.781055	45.7	0
126000	934.2524876	46.8675	81	15.79	31.04	-2818.995854	38.8	11
126240	934.0214965	35.62708333	74	15.56	41.58	-2817.019843	52.11	0
126480	934.6269088	24.82541667	77	14.94	29.81	-2816.646719	37.27	7
126719	934.6322501	24.2952381	69	15.61	27.82	-2816.528589	34.78	0
126959	934.8084669	16.82444444	74	10	19.23	-2816.479244	24.04	7
127200	934.7969647	43.29583333	69	10.19	21.62	-2815.417145	27.02	0
127439	934.7701762	31.29625	76	5.86	11.65	-2815.442032	14.57	10
127680	934.4113562	46.46826087	69	17.39	36.49	-2815.65482	45.7	0
127920	934.4119086	45.13478261	77	14.94	24.85	-2814.75	31.07	12
128160	934.1119251	45.60541667	72	14.94	36.81	-2813.66626	46.12	0
128399	933.8727642	37.15208333	78	15.4	28.83	-2811.877642	36.04	9
128639	934.1371197	49.29333333	73	15.56	38.42	-2809.649087	48.12	0
128879	934.0505868	52.38166667	79	15.42	30.21	-2813.855119	37.76	12
129120	933.8788857	53.35208333	73	15.23	33.53	-2812.476383	41.91	0
129360	933.9963754	45.62416667	80	15.38	30.4	-2814.298832	37.99	13
129599	934.1280193	58.845	79	15.48	40.31	-2814.71256	50.39	0
129839	934.1096386	41.57666667	85	17.9	35.33	-2814.372691	44.17	12
130080	933.9855596	44.68916667	82	16.12	34.42	-2815.787004	43.31	0
130320	933.7435897	32.77041667	85	15.71	25.1	-2816.627804	31.38	6
130560	933.7884	47.66869565	81	16.15	34.79	-2817.7924	43.49	0
130800	933.3969649	38.955	87	15.27	22.35	-2817.308307	27.94	10
131039	933.4352847	40.03166667	80	13.03	27.64	-2818.460374	34.54	0
131280	933.3914944	24.67416667	81	14.11	25.98	-2820.97337	32.47	6
131520	933.7508911	39.3926087	72	16.38	31.06	-2819.373465	38.83	0
131760	933.6080601	24.35833333	74	11.9	23.02	-2819.007507	28.98	8
131999	933.959039	51.38956522	66	15.08	29.46	-2819.85191	36.82	0
132240	934.1483668	45.02666667	80	15.52	24.07	-2818.750885	30.08	16
132480	934.5988235	61.30791667	71	17.79	38.79	-2817.914902	48.49	0
132719	935.014867	53.74125	73	16.09	35.69	-2819.050861	44.8	8
132959	934.8412637	46.25916667	65	15.98	35.94	-2821.266771	44.92	0
133199	934.4836703	40.22083333	66	17.67	33.6	-2820.895023	42.01	9
133440	934.7961165	47.885	63	15.7	37.01	-2821.422524	46.27	0
133679	934.7341085	47.31833333	70	16.42	32.97	-2820.460853	41.21	12
133920	934.6819062	59.20791667	69	15.04	42.05	-2819.984502	52.57	0
134159	934.9504836	44.84791667	81	16.99	36.57	-2818.688975	45.71	16
134399	934.9231363	43.275	77	17.79	41.65	-2817.810351	52.11	0
134639	935.1099537	30.96375	78	16.56	39.12	-2818.90625	48.91	4
134879	935.2289017	47.21652174	75	18.58	31.77	-2819.314451	39.71	0
135119	935.1251444	33.53130435	83	11.73	21.9	-2818.561417	27.37	10
135360	934.9623222	54.95625	79	13.86	33.65	-2817.728566	42.06	0
135599	935.4019194	37.4326087	86	13.64	23.66	-2819.508253	29.58	11
135839	935.025297	48.75869565	82	13	41.44	-2820.347643	51.8	0
136079	936.0619266	43.16	87	15.35	35.02	-2819.468654	43.98	12
136320	936.4357116	58.92869565	82	16.54	41.33	-2818.889355	51.84	0
136559	936.5714286	80.76541667	92	16.3	39.92	-2818.945524	49.95	14
136800	936.5188428	58.5426087	90	15.5	46.91	-2817.991245	58.84	0
137039	936.4734043	43.91434783	93	15.19	40.48	-2819.281155	50.63	8
137280	936.6657815	35.29208333	89	13.71	35.42	-2818.890364	44.27	0
137519	936.9205749	31.59782609	87	15.42	30.63	-2819.165658	38.34	6
137759	937.1455026	35.6725	85	12.85	25.25	-2818.956916	31.56	0
137999	937.5328054	20.63652174	86	12.96	19.44	-2819.195324	24.3	7
138239	937.5940557	39.5375	80	16.67	23.73	-2819.921746	29.66	0
138480	937.7123545	31.67875	87	11.27	19.98	-2821.892227	24.97	12
138719	937.4440285	44.53625	79	14.6	36.21	-2821.113066	45.27	0
138960	937.5250374	36.20791667	84	16	27.01	-2822.180867	33.77	10
139199	937.7888847	36.0375	79	16.82	35.71	-2820.74972	44.64	0
139439	937.8375465	23.83916667	78	15.38	25.12	-2820	31.41	8
139680	937.7516679	43.12	70	14.9	25.35	-2821.941438	31.69	0
139919	937.8432753	22.07043478	79	12.03	22.91	-2821.761393	28.63	10
140160	938.1958534	34.73608696	77	14.69	33.61	-2822.115883	42.01	0
140400	938.2045118	20.99833333	80	12.62	22.67	-2821.901627	28.33	6
140639	937.5769089	34.63545455	73	15.42	20.67	-2824.239764	25.84	0
140880	937.5953608	16.95363636	75	9.59	14.34	-2824.459867	17.92	7
141119	937.5937615	32.655	66	12.82	27.22	-2825.979083	34.02	0
141360	938.0336873	20.71791667	65	9.59	19.73	-2827.087514	24.66	5
141599	938.2804967	50.89565217	58	13.26	14.18	-2825.028123	17.73	0
141840	938.4959942	37.6625	60	10.12	12.86	-2827.866715	16.08	10
142079	938.8559476	57.34291667	57	14.56	33.85	-2828.240451	42.31	0
142319	938.4651163	30.55130435	65	17.77	24.85	-2828.03125	31.07	11
142559	938.3963017	50.70695652	59	16.92	34.42	-2827.294416	43.02	0
142800	938.3036554	41.68625	67	15.48	35.56	-2827.073471	44.45	13
143040	938.4181424	49.51041667	63	16.48	38.81	-2828.080954	48.52	0
143279	938.64345	42.84208333	68	17.53	32.62	-2829.682064	40.77	9
143520	938.2465753	67.02041667	65	17.08	37.39	-2829.752704	46.73	0
143760	938.2326251	47.62625	76	15.62	34.94	-2830.338855	43.67	14
144000	938.3002517	56.83391304	72	17.17	40.81	-2830.566343	51.02	0
144239	937.7865088	57.70333333	76	14.48	43.66	-2832.011482	54.58	10
144480	937.715616	51.80875	71	14.79	40.23	-2831.643625	50.29	0
144719	937.77372	48.54166667	79	16.07	31.92	-2831.393842	39.91	9
144959	937.6475	71.51875	72	15.27	30.71	-2830.277857	38.39	0
145200	937.9779202	49.34083333	79	14.09	36.99	-2829.5349	46.24	15
145439	937.846318	60.5425	76	15.02	42.38	-2828.927072	52.98	0
145680	937.9708807	57.61375	81	15.66	38.88	-2826.762074	48.7	10
145920	937.8181496	46.88416667	76	15.71	35.1	-2826.981212	43.88	0
146159	938.1379554	35.325	77	17.18	34.2	-2828.101875	42.76	7
146400	938.3319209	58.59083333	72	16.04	35.91	-2827.081215	44.94	0
146640	938.7700176	54.88458333	85	14.19	31.5	-2826.518871	39.38	16
146880	938.6849894	74.41416667	82	13.85	46.12	-2825.877026	57.84	0
147119	938.8019698	75.06833333	94	15.48	35.4	-2824.90714	44.25	17
147360	938.8485594	73.67291667	91	17.03	46.2	-2824.51019	57.75	0
147599	938.6214035	58.63833333	101	16.02	47.62	-2824.466316	59.6	14
147839	939.4042032	69.76818182	96	14.21	45.19	-2823.141856	56.48	0
148080	939.9147747	80.40217391	106	15.54	37.39	-2822.129934	46.73	18
148320	940.2363002	65.99833333	104	14.27	48.69	-2821.183595	60.86	0
148560	940.8301953	39.3225	105	14.1	41.6	-2820.252441	52.01	4
148800	941.4272791	55.96875	99	16.1	39.08	-2819.503479	48.85	0
149039	942.478125	45.99625	104	17.05	33.54	-2818.531597	41.95	11
149279	942.8305085	38.12625	93	17.62	38.42	-2816.687997	48.02	0
149519	943.5966184	24.10347826	92	15.83	35.12	-2816.005866	43.91	6
149760	944.3596008	43.10541667	84	16.22	29.17	-2817.011356	36.46	0
150000	944.8657741	27.70458333	86	11.58	22.81	-2815.263302	28.52	9
150239	945.4849212	42.25208333	81	15.46	29.44	-2813.062714	36.79	0
150480	946.6773753	32.07875	81	15.68	26.27	-2812.256323	32.83	8
150720	948.0296827	37.64708333	76	15.21	20.9	-2811.627431	26.12	0
150959	948.6989101	22.57791667	79	14.06	23.93	-2811.246935	29.92	8
151200	950.1786685	38.61869565	71	14.65	29.79	-2811.154552	37.24	0
151440	950.3189831	31.23869565	76	14.75	26.54	-2809.675254	33.18	11
151680	951.7472973	34.6075	66	14.94	30.9	-2810.459459	38.62	0
151919	952.4494268	26.56909091	67	15.15	21.67	-2812.140931	27.25	7
152160	952.3646465	50.65208333	63	15.73	27.66	-2812.774411	34.57	0
152400	952.5255548	33.055	70	12.75	20.58	-2813.719906	25.89	11
152640	952.4754704	53.19875	68	15.12	31.15	-2814.094086	38.93	0
152879	952.3455216	38.8725	73	14.81	25.38	-2813.09896	31.72	10
153119	952.3556597	56.87375	68	15.33	29.71	-2813.376758	37.14	0
153360	952.2279412	46.43791667	75	16.16	30.14	-2813.015709	37.68	13
153600	951.8661102	35.56391304	72	15.42	32.94	-2812.169282	41.35	0
153840	951.6503333	26.68875	71	13.85	29.04	-2813.774	36.3	4
154080	952.2801997	39.71695652	66	14.9	26.58	-2814.84193	33.23	0
154320	951.9371884	32.44958333	72	12.5	20.25	-2814.37122	25.31	10
154560	951.8595618	41.94875	69	17	27.69	-2813.596282	34.61	0
154799	951.7775936	29.70136364	71	14.75	21.13	-2812.654292	26.41	7
155040	951.5047966	50.04521739	65	16.33	24.17	-2812.840225	30.21	0
155280	951.242074	32.5725	68	13	28.81	-2812.025429	36.3	8
155520	951.8056013	47.53565217	61	14.79	28.69	-2813.447117	35.86	0
155759	951.828722	55.11608696	74	16.05	28.45	-2814.098814	35.56	14
156000	952.6986526	65.79086957	67	12.14	32.08	-2815.289517	40.09	0
156240	952.7363756	62.35666667	76	15.44	36.35	-2816.668089	45.44	12
156479	952.6721258	56.64125	69	15.8	46.15	-2814.484769	57.69	0
156719	952.5470896	40.16083333	70	16.12	35.94	-2815.350229	44.92	6
156959	952.1058132	55.29583333	66	14.44	35.73	-2817.082952	44.66	0
157199	951.7228562	42.6173913	78	17.83	33.6	-2816.784154	42.01	17
157439	951.8504551	43.97043478	69	17	41.35	-2817.23407	51.69	0
157680	951.6848603	37.40608696	76	16	36.62	-2816.635153	45.77	9
157919	951.6240675	42.48791667	71	15.67	33.22	-2816.499838	41.53	0
158160	951.7298348	39.82666667	75	15.06	26.1	-2815.968254	32.62	8
158400	951.5412488	23.66304348	71	15.29	23.6	-2814.789712	29.51	0
158639	951.2918012	17.84727273	67	13.05	15.19	-2813.001614	18.99	3
158880	951.5245003	27.97913043	63	9.63	13.63	-2812.188266	17.04	0
159119	951.4806825	29.385	66	8.12	10.23	-2811.184482	12.79	7
159360	951.6149148	29.10208333	61	12.82	20.54	-2809.012536	25.67	0
159599	951.5581246	30.065	68	10.48	19.25	-2808.457932	24.06	10
159840	952.1842358	39.87086957	61	13.84	24.38	-2808.989106	30.47	0
160079	952.84256	27.48434783	66	11.86	24.41	-2809.17088	30.52	9
160320	952.4952077	34.035	61	17.12	26.02	-2807.21278	32.52	0
160560	952.66145	21.50826087	66	15.06	25.12	-2807.257426	31.41	6
160800	952.318037	42.3575	59	13.92	21.83	-2807.330465	27.42	0
161039	952.0015893	29.35818182	61	11.51	20.42	-2805.595359	25.52	10
161280	951.5348763	54.21291667	53	15.23	33.05	-2804.501585	41.31	0
161520	952.0139196	33.42666667	53	14.77	27.19	-2806.995255	34.3	7
161760	952.0593997	52.16	49	14.67	23.94	-2807.293523	29.92	0
161999	952.0685407	35.745	60	16.11	35.48	-2806.920088	44.35	12
162239	952.1016735	45.93608696	59	14.77	32.06	-2807.426271	40.08	0
162480	952.175339	34.53333333	59	16.47	28.67	-2808.58152	35.84	4
162720	951.9508816	52.71083333	54	12.56	26.23	-2808.653967	32.79	0
162960	952.0745987	38.90695652	65	15.83	27.56	-2809.288637	34.45	12
163200	951.9974851	55.57041667	61	15.19	30.02	-2810.907576	37.53	0
163439	951.8438089	49.50208333	76	16.13	35.84	-2810.925833	44.8	16
163680	951.5819724	53.24416667	74	15.6	44.9	-2810.601759	56.12	0
163919	951.1524467	54.57291667	80	14.27	36.17	-2810.407465	45.21	10
164160	951.0059542	52.02833333	77	16.14	33.13	-2810.748982	41.42	0
164400	950.7696401	40.49541667	84	15.98	35.56	-2810.194366	44.51	11
164639	950.3337496	44.795	76	16.84	44.14	-2810.754293	55.18	0
164880	949.776808	37.49208333	77	15.95	31.02	-2810.904613	38.77	6
165120	950.2902925	56.92833333	71	13.77	27.6	-2810.641879	34.58	0
165360	950.1812247	29.6173913	77	15.42	25.38	-2810.27852	31.72	9
165599	950.0835144	39.3873913	73	16.48	24.52	-2809.35548	30.65	0
165839	949.9101611	28.63869565	72	14.33	30.52	-2811.512392	38.36	6
166079	949.884901	44.12291667	68	14.75	24.42	-2810.621906	30.52	0
166320	949.8519778	31.04043478	71	12.26	24.79	-2809.516996	30.99	7
166559	950.2328091	47.50708333	64	15.48	26.36	-2808.361085	32.95	0
166800	951.018775	39.36	71	13.4	30.89	-2809.164358	38.62	13
167039	951.47543	52.94333333	64	16.53	30.29	-2808.161855	37.87	0
167280	951.7372621	34.83434783	75	17.26	27.95	-2808.358809	34.93	13
167520	951.8531125	57.95916667	72	14.25	37.12	-2808.101196	46.41	0
167759	952.1593137	45.66458333	81	17.55	38.03	-2809.892157	47.54	12
168000	952.0581217	55.68166667	76	15.73	32.14	-2811.604466	40.17	0
168239	952.0709046	52.7126087	87	15.65	38.54	-2811.993888	48.35	14
168479	952.3177656	58.90041667	83	15.52	40.56	-2812.453602	50.96	0
168720	952.0332013	42.93291667	89	16.72	44.42	-2811.492233	55.65	13
168959	951.9695956	73.7925	83	16.65	41.8	-2810.979325	52.25	0
169200	952.08136	58.37869565	93	16.43	44.56	-2808.922587	55.71	15
169440	952.2196602	62.53458333	91	14.56	40.96	-2808.227549	51.2	0
169679	952.3807937	45.53782609	96	17.82	45	-2807.655559	56.25	10
169919	952.3248639	62.60043478	91	14.44	44.08	-2807.960375	55.29	0
170159	952.247208	45.77375	100	15.62	39.71	-2807.268337	49.64	16
170399	952.6242844	41.98333333	94	15.81	38.73	-2806.301597	48.41	0
170639	953.2914286	37.84166667	93	16.81	35.12	-2805.755789	43.93	5
170880	953.988006	46.28791667	83	15.5	30.39	-2806.205697	38.17	0
171120	953.8802395	36.91208333	89	12.46	27.62	-2806.02515	34.74	11
171359	954.4318589	49.91090909	83	14.87	31	-2805.331739	38.76	0
171600	954.6477612	34.1225	89	13.53	28.07	-2804.721194	35.09	10
171840	954.6628979	55.41833333	78	14.48	30.35	-2802.539423	37.94	0
172079	955.2055242	34.19375	80	16.15	34.41	-2801.825364	43.02	8
172320	955.9130822	50.66173913	76	16.14	27.43	-2802.131118	34.28	0
172559	956.0959716	36.60041667	83	13.79	32.87	-2801.708235	41.08	12
172800	956.3141842	36.6125	82	15.62	32.3	-2801.581285	40.38	0
173039	957.382049	20.75681818	77	16.97	28.24	-2802.626808	35.3	5
173280	958.1135693	43.03782609	74	14.71	24.61	-2803.486431	30.76	0
173519	958.0831123	32.1	80	11.26	20.15	-2802.774241	25.18	9
173760	958.4958799	51.52041667	75	14.32	24.96	-2804.247204	31.2	0
173999	958.8599119	31.63181818	78	14.54	26.82	-2805.439354	33.53	10
174239	958.9173747	60.11130435	70	15.81	34.23	-2805.170817	42.79	0
174479	959.1763158	47.93	74	14.1	38.23	-2805.525439	47.79	11
174719	959.5131195	47.61708333	64	15.1	34.44	-2807.100583	43.05	0
174959	959.4301107	35.47625	68	15.9	34.62	-2805.99505	43.28	8
175200	959.5304044	33.25434783	65	15.75	35.37	-2806.130637	44.22	0
175439	959.771578	31.52416667	66	15.77	32.64	-2807.405987	40.79	5
175680	959.7287496	35.21565217	60	12.22	21.43	-2806.916159	26.79	0
175919	959.5746161	32.24791667	65	12.47	22.28	-2808.049841	27.85	9
176160	959.3645049	39.6425	62	14.63	28.28	-2807.625941	35.35	0
176400	959.1676301	29.85166667	63	13.52	23.04	-2807.225434	28.85	7
176640	959.1455806	54.16347826	61	13.19	25.25	-2807.275563	31.56	0
176879	959.2352771	41.59416667	72	12.09	28.3	-2806.51097	35.38	13
177120	959.1633006	51.54347826	70	14.36	31	-2806.713503	38.74	0
177360	959.1326031	38.27478261	76	16.65	33.73	-2807.031709	42.16	9
177600	959.0886841	57.5675	72	15.65	35.67	-2809.00835	44.58	0
177839	959.1270845	37.34958333	76	14.06	29.46	-2809.459459	37.06	9
178080	958.7215844	49.66041667	70	13.53	32.7	-2810.248852	40.87	0
178319	959.1349957	36.04333333	73	15.98	34.41	-2811.294927	43.15	8
178560	958.8580424	46.56708333	68	15.42	29.69	-2811.174299	37.11	0
178799	958.772	40.72666667	73	13.98	29.79	-2812.171143	37.24	11
179040	958.3758562	54.64458333	69	15.77	30.08	-2810.661244	37.6	0
179279	958.3009127	40.28875	80	14.81	31.19	-2810.434398	38.99	13
179519	958.0880342	47.18333333	76	17.1	34.35	-2811.794872	42.94	0
179759	958.2428896	35.2675	81	16.6	35.6	-2811.258532	44.51	11
180000	957.9758523	50.69291667	77	17.92	34.75	-2811.911932	43.44	0
180239	958.248084	34.36666667	83	15.29	36.57	-2812.147885	45.71	9
180480	958.1187978	41.14	79	16.27	31.85	-2811.099518	39.81	0
180720	958.0942809	26.89666667	81	13.9	32.29	-2812.908267	40.36	7
180960	958.4949124	32.46125	75	15.94	28.17	-2813.954494	35.21	0
181200	958.4719323	27.23869565	75	14.5	26.25	-2812.497884	32.81	7
181440	958.4488588	54.94652174	71	13.19	20.5	-2811.588898	25.63	0
181679	958.4391892	42.66916667	85	11.15	33.7	-2812.718187	42.13	17
181919	958.6613311	44.69458333	76	13.44	43.48	-2812.23645	54.35	0
182159	958.6805945	31.30521739	77	16.33	34.1	-2813.275379	42.63	6
182399	958.5671517	45.77125	69	15.19	30.33	-2814.51371	37.92	0
182640	958.6386484	34.11375	72	14.73	28.36	-2814.11952	35.45	10
182879	958.4518828	38.15708333	68	14.96	30.27	-2815.734449	37.84	0
183119	958.3015873	30.76833333	68	14.65	25.48	-2814.967419	31.85	6
183360	958.307842	53.65791667	63	13.61	22.97	-2813.515573	28.71	0
183599	958.4201167	47.66375	73	11.7	32.03	-2814.157822	40.04	13
183840	958.3598001	52.27583333	70	15.42	32.43	-2813.930316	40.53	0
184080	958.0543237	38.23708333	74	16.6	35.15	-2813.732539	43.93	10
184320	958.0974799	44.68333333	71	17.69	33.56	-2813.957629	41.95	0
184560	958.1433315	38.72791667	78	15.25	29.98	-2813.370504	37.47	10
184800	958.2352779	39.83166667	75	14.62	27.58	-2813.901576	34.48	0
185039	958.2815346	33.82375	77	17.49	28.47	-2814.30472	35.7	8
185280	958.1183122	39.25541667	74	16.14	30.19	-2814.746553	37.73	0
185519	957.7997797	29.83434783	78	14.96	29.44	-2814.888185	36.79	9
185760	957.7447687	42.75	77	15.77	28.34	-2814.594989	35.43	0
186000	957.9207921	30.915	84	16.58	26.21	-2815.383113	32.76	11
186240	958.5028838	44.85791667	79	13.19	26.17	-2815.72535	32.71	0
186480	958.2517828	41.72958333	84	15.04	31.12	-2815.509874	38.91	10
186720	958.4038883	55.77954545	78	14.19	29.46	-2814.15471	36.82	0
186960	958.2332242	49.79833333	79	13.6	31.96	-2816.564648	39.95	15
187200	958.3754089	50.455	77	15.71	40.31	-2817.03217	50.39	0
187439	957.7174327	39.68875	77	15.82	38.56	-2816.353549	48.25	9
187680	957.397718	38.02869565	73	16.12	29.23	-2816.284162	36.54	0
187919	957.2512208	36.55652174	77	14.48	36.05	-2816.054531	45.06	9
188159	957.2512208	45.40166667	77	13.73	27.33	-2816.054531	34.17	0
188399	956.8192641	34.18708333	79	13.98	31.58	-2818.53382	39.48	12
188640	956.7362875	36.80041667	74	16.64	34	-2818.019995	42.51	0
188880	956.5589744	30.28041667	76	16.46	36.25	-2818.780297	45.31	6
189119	956.5437887	18.63	70	12.09	23.49	-2818.08138	29.37	0
189359	956.4061323	27.68666667	67	13.29	14.94	-2818.690963	18.67	4
189600	956.5928015	36.65375	62	7.22	14.67	-2820.686275	18.34	0
189839	956.6605849	29.76782609	65	10.46	18.28	-2819.573383	22.86	7
190080	956.3168051	38.03478261	61	13.44	15.39	-2819.540874	19.24	0
190320	956.57751	26.98291667	64	13.31	21	-2818.445248	26.25	7
190560	956.6090326	27.4773913	57	14.06	17.52	-2818.804115	22.16	0
190799	956.5434899	37.54913043	57	11.4	19.1	-2819.004002	23.88	6
191040	956.6339904	57.09869565	51	9.59	16.58	-2819.425679	20.72	0
191280	956.7064147	55.33333333	64	14.71	29.04	-2820.011445	36.3	16
191520	956.8501196	43.82833333	58	14.77	37.29	-2819.680574	46.61	0
191760	956.9277748	37.97541667	63	16.79	36.1	-2819.715613	45.23	8
192000	956.8317856	29.63041667	60	16.85	33.98	-2819.760945	42.47	0
192239	956.8674795	29.82695652	64	17.61	29.56	-2820.338723	37	8
192479	956.6473392	44.9626087	60	14.19	23.42	-2821.01615	29.27	0
192720	956.6148148	38.46956522	68	12.49	28.61	-2822.116138	35.76	11
192960	956.1748547	70.065	62	13.31	25.58	-2821.08505	31.98	0
193199	955.9031662	47.00875	72	15.84	40.46	-2820.292612	50.58	14
193439	955.721519	47.38583333	70	14.04	37.52	-2820.579641	46.9	0
193679	955.3987358	45.13478261	74	15.27	41.44	-2820.011851	51.8	9
193919	955.2153563	52.925	68	15.79	30.17	-2818.465422	37.86	0
194159	955.3910761	38.94130435	69	15.5	39.02	-2819.346194	48.78	8
194399	955.0843594	39.2926087	62	13.44	37.08	-2818.061305	46.35	0
194639	955.0251177	37.72791667	65	17	32.73	-2818.991104	40.91	8
194880	954.8444038	55.41304348	63	16.1	23.09	-2819.102249	28.86	0
195119	954.7413793	39.61375	69	16.55	33.93	-2818.447753	42.42	10
195359	954.8719687	44.65916667	62	16.06	28.58	-2818.767405	35.73	0
195599	954.9817661	37.77956522	66	17.15	33.27	-2818.338369	41.67	8
195840	955.0078044	53.06666667	61	14.02	28.13	-2818.438345	35.17	0
196079	955.0873862	44.60652174	75	15.52	34.77	-2818.350065	43.46	15
196319	954.8960229	47.20782609	73	13.44	40.5	-2818.870548	50.62	0
196560	954.8943954	34.6525	77	14.65	36.78	-2818.386611	45.98	11
196799	954.815612	53.95130435	75	12.59	34.44	-2818.845695	43.04	0
197040	954.8823224	40.01708333	82	15.54	35.7	-2818.710731	44.63	9
197279	954.9015799	45.43304348	79	15.42	27.53	-2818.443149	34.41	0
197519	954.986539	46.19666667	87	16.15	31.48	-2818.273622	39.45	10
197760	954.94107	52.51375	81	14.65	31.04	-2817.822435	38.8	0
197999	954.7525826	43.43166667	89	15.27	32.22	-2818.607438	40.27	11
198240	954.5136739	36.64458333	85	16.58	38.32	-2817.917183	47.9	0
198480	954.8119372	30.91434783	79	17.04	34.77	-2817.250064	43.46	5
198719	954.9578406	35.85409091	76	17.09	28.64	-2817.026478	35.8	0
198960	954.8360277	37.96043478	76	13.13	21.02	-2815.60893	26.27	7
199199	955.1295443	49.01608696	67	12.72	18.79	-2814.112391	23.48	0
199439	955.0063939	43.41130435	76	13.33	33.08	-2814.089514	41.35	13
199679	955.2749553	41.28478261	69	14.17	34.12	-2814.967577	42.76	0
199920	955.1828615	37.60727273	73	16.64	35.25	-2814.364703	44.06	8
200160	955.387885	44.21416667	65	16.62	33.08	-2818.13744	41.35	0
200399	955.6150521	39.13875	70	16.09	39.18	-2817.953216	48.98	9
200640	955.8966218	44.85391304	66	13.55	27.84	-2818.239522	34.8	0
200880	955.7642132	42.54565217	71	15.98	30.54	-2818.014721	38.18	8
201120	955.7271345	51.34695652	64	15.27	25.65	-2817.834558	32.21	0
201359	955.342445	44.84458333	70	15.48	28.7	-2817.383194	35.88	10